        0.3919       2.5516303E+00     1.0000000E+02    -1.6901310E-01     9.8226500E+00    -5.2155356E+00     6.1717533E+01
        0.3842       2.6026630E+00     1.0200000E+02    -1.7361704E-01     9.8226490E+00    -5.3576069E+00     6.1717525E+01
        0.3768       2.6537113E+00     1.0400000E+02    -1.7831987E-01     9.8225908E+00    -5.5026979E+00     6.1717159E+01
        0.3697       2.7047765E+00     1.0600000E+02    -1.8312514E-01     9.8224745E+00    -5.6509147E+00     6.1716427E+01
        0.3629       2.7558587E+00     1.0800000E+02    -1.8803687E-01     9.8223009E+00    -5.8023796E+00     6.1715336E+01
        0.3563       2.8069596E+00     1.1000000E+02    -1.9305928E-01     9.8220682E+00    -5.9572182E+00     6.1713875E+01
        0.3499       2.8580840E+00     1.1200000E+02    -1.9819713E-01     9.8217630E+00    -6.1155667E+00     6.1711960E+01
        0.3437       2.9092259E+00     1.1400000E+02    -2.0345491E-01     9.8214102E+00    -6.2775750E+00     6.1709740E+01
        0.3378       2.9603944E+00     1.1600000E+02    -2.0883811E-01     9.8209791E+00    -6.4433904E+00     6.1707035E+01
        0.3321       3.0115891E+00     1.1800000E+02    -2.1435240E-01     9.8204794E+00    -6.6131892E+00     6.1703896E+01
        0.3265       3.0628102E+00     1.2000000E+02    -2.2000350E-01     9.8199120E+00    -6.7871442E+00     6.1700329E+01
        0.3211       3.1140590E+00     1.2200000E+02    -2.2579788E-01     9.8192749E+00    -6.9654493E+00     6.1696323E+01
        0.3159       3.1653347E+00     1.2400000E+02    -2.3174205E-01     9.8185749E+00    -7.1483073E+00     6.1691929E+01
        0.3109       3.2166543E+00     1.2600000E+02    -2.3784433E-01     9.8177633E+00    -7.3359313E+00     6.1686829E+01
        0.3060       3.2680051E+00     1.2800000E+02    -2.4411190E-01     9.8168840E+00    -7.5285697E+00     6.1681301E+01
        0.3013       3.3193984E+00     1.3000000E+02    -2.5055331E-01     9.8159046E+00    -7.7264571E+00     6.1675152E+01
        0.2967       3.3708351E+00     1.3200000E+02    -2.5717756E-01     9.8148308E+00    -7.9298644E+00     6.1668400E+01
        0.2922       3.4223177E+00     1.3400000E+02    -2.6399431E-01     9.8136578E+00    -8.1390800E+00     6.1661030E+01
        0.2879       3.4738536E+00     1.3600000E+02    -2.7101415E-01     9.8123674E+00    -8.3544073E+00     6.1652924E+01
        0.2837       3.5254443E+00     1.3800000E+02    -2.7824843E-01     9.8109627E+00    -8.5761862E+00     6.1644096E+01
        0.2796       3.5770900E+00     1.4000000E+02    -2.8570852E-01     9.8094473E+00    -8.8047619E+00     6.1634579E+01
        0.2756       3.6288161E+00     1.4200000E+02    -2.9340872E-01     9.8077593E+00    -9.0405054E+00     6.1623970E+01
        0.2717       3.6806140E+00     1.4400000E+02    -3.0136278E-01     9.8059263E+00    -9.2838507E+00     6.1612453E+01
        0.2679       3.7324951E+00     1.4600000E+02    -3.0958584E-01     9.8039255E+00    -9.5352259E+00     6.1599884E+01
        0.2642       3.7844684E+00     1.4800000E+02    -3.1809464E-01     9.8017416E+00    -9.7951136E+00     6.1586159E+01
        0.2607       3.8365405E+00     1.5000000E+02    -3.2690695E-01     9.7993641E+00    -1.0064031E+01     6.1571224E+01
        0.2572       3.8887286E+00     1.5200000E+02    -3.3604276E-01     9.7967577E+00    -1.0342530E+01     6.1554844E+01
        0.2537       3.9410515E+00     1.5400000E+02    -3.4552449E-01     9.7938843E+00    -1.0631234E+01     6.1536793E+01
        0.2504       3.9935198E+00     1.5600000E+02    -3.5537454E-01     9.7907314E+00    -1.0930785E+01     6.1516983E+01
        0.2471       4.0461650E+00     1.5800000E+02    -3.6561987E-01     9.7872334E+00    -1.1241898E+01     6.1495003E+01
        0.2440       4.0989866E+00     1.6000000E+02    -3.7628683E-01     9.7834015E+00    -1.1565351E+01     6.1470928E+01
        0.2408       4.1520448E+00     1.6200000E+02    -3.8740921E-01     9.7791109E+00    -1.1901979E+01     6.1443966E+01
        0.2378       4.2053514E+00     1.6400000E+02    -3.9901954E-01     9.7743511E+00    -1.2252706E+01     6.1414062E+01
        0.2348       4.2589569E+00     1.6600000E+02    -4.1115662E-01     9.7690258E+00    -1.2618520E+01     6.1380600E+01
        0.2319       4.3129005E+00     1.6800000E+02    -4.2386156E-01     9.7630663E+00    -1.3000503E+01     6.1343155E+01
        0.2290       4.3672504E+00     1.7000000E+02    -4.3718150E-01     9.7563467E+00    -1.3399817E+01     6.1300934E+01
        0.2261       4.4220567E+00     1.7200000E+02    -4.5116666E-01     9.7487860E+00    -1.3817753E+01     6.1253429E+01
        0.2233       4.4774222E+00     1.7400000E+02    -4.6587616E-01     9.7401943E+00    -1.4255682E+01     6.1199448E+01
        0.2206       4.5334353E+00     1.7600000E+02    -4.8137239E-01     9.7304211E+00    -1.4715083E+01     6.1138042E+01
        0.2179       4.5902243E+00     1.7800000E+02    -4.9772745E-01     9.7192440E+00    -1.5197564E+01     6.1067814E+01
        0.2152       4.6478987E+00     1.8000000E+02    -5.1501584E-01     9.7064915E+00    -1.5704813E+01     6.0987686E+01
        0.2125       4.7066994E+00     1.8200000E+02    -5.3333360E-01     9.6917305E+00    -1.6238659E+01     6.0894939E+01
        0.2098       4.7667961E+00     1.8400000E+02    -5.5277300E-01     9.6747026E+00    -1.6800970E+01     6.0787952E+01
        0.2071       4.8284464E+00     1.8600000E+02    -5.7344282E-01     9.6549921E+00    -1.7393698E+01     6.0664104E+01
        0.2044       4.8919725E+00     1.8800000E+02    -5.9546328E-01     9.6320829E+00    -1.8018768E+01     6.0520164E+01
        0.2017       4.9577832E+00     1.9000000E+02    -6.1897171E-01     9.6053333E+00    -1.8678118E+01     6.0352089E+01
        0.1990       5.0262904E+00     1.9200000E+02    -6.4410633E-01     9.5741463E+00    -1.9373474E+01     6.0156136E+01
        0.1962       5.0980201E+00     1.9400000E+02    -6.7102289E-01     9.5377636E+00    -2.0106375E+01     5.9927540E+01
        0.1933       5.1737208E+00     1.9600000E+02    -6.9990116E-01     9.4950991E+00    -2.0877867E+01     5.9659470E+01
        0.1903       5.2541037E+00     1.9800000E+02    -7.3091674E-01     9.4452391E+00    -2.1688560E+01     5.9346188E+01
        0.1873       5.3401070E+00     2.0000000E+02    -7.6426572E-01     9.3869915E+00    -2.2538277E+01     5.8980209E+01
        0.1841       5.4325814E+00     2.0200000E+02    -8.0012810E-01     9.3194761E+00    -2.3426151E+01     5.8556000E+01
        0.1807       5.5329285E+00     2.0400000E+02    -8.3874500E-01     9.2410536E+00    -2.4350132E+01     5.8063255E+01
        0.1772       5.6424108E+00     2.0600000E+02    -8.8033664E-01     9.1505861E+00    -2.5307404E+01     5.7494831E+01
        0.1735       5.7625065E+00     2.0800000E+02    -9.2515051E-01     9.0468693E+00    -2.6294239E+01     5.6843159E+01
        0.1696       5.8948398E+00     2.1000000E+02    -9.7346878E-01     8.9288120E+00    -2.7306473E+01     5.6101383E+01
        0.1655       6.0414009E+00     2.1200000E+02    -1.0256337E+00     8.7951775E+00    -2.8339148E+01     5.5261734E+01
        0.1612       6.2045164E+00     2.1400000E+02    -1.0820757E+00     8.6447458E+00    -2.9387304E+01     5.4316540E+01
        0.1566       6.3865628E+00     2.1600000E+02    -1.1432875E+00     8.4768200E+00    -3.0446568E+01     5.3261433E+01
        0.1517       6.5909438E+00     2.1800000E+02    -1.2099779E+00     8.2900143E+00    -3.1512482E+01     5.2087700E+01
        0.1466       6.8214602E+00     2.2000000E+02    -1.2830155E+00     8.0833569E+00    -3.2581684E+01     5.0789230E+01
        0.1412       7.0833793E+00     2.2200000E+02    -1.3636136E+00     7.8552289E+00    -3.3651161E+01     4.9355862E+01
        0.1354       7.3835053E+00     2.2400000E+02    -1.4533968E+00     7.6038203E+00    -3.4718899E+01     4.7776215E+01
        0.1294       7.7306547E+00     2.2600000E+02    -1.5545349E+00     7.3272080E+00    -3.5784000E+01     4.6038208E+01
        0.1229       8.1382713E+00     2.2800000E+02    -1.6702737E+00     7.0218105E+00    -3.6845684E+01     4.4119339E+01
        0.1159       8.6245251E+00     2.3000000E+02    -1.8051231E+00     6.6840405E+00    -3.7904938E+01     4.1997066E+01
        0.1085       9.2180796E+00     2.3200000E+02    -1.9661295E+00     6.3080320E+00    -3.8963318E+01     3.9634537E+01
        0.1003       9.9668436E+00     2.3400000E+02    -2.1650124E+00     5.8844333E+00    -4.0023483E+01     3.6972984E+01
        0.0913       1.0951303E+01     2.3600000E+02    -2.4216139E+00     5.4012289E+00    -4.1091064E+01     3.3936924E+01
        0.0811       1.2335299E+01     2.3800000E+02    -2.7760744E+00     4.8358593E+00    -4.2174957E+01     3.0384602E+01
        0.0689       1.4507857E+01     2.4000000E+02    -3.3234556E+00     4.1462393E+00    -4.3290653E+01     2.6051592E+01
        0.0534       1.8739874E+01     2.4200000E+02    -4.3724728E+00     3.2366450E+00    -4.4460266E+01     2.0336441E+01
        0.0284       3.5236172E+01     2.4400000E+02    -8.3897457E+00     1.7355915E+00    -4.5745274E+01     1.0905044E+01
        0.0000       9.9999996E+24     2.4600000E+02    -2.6435283E-01     0.0000000E+00    -3.5492477E+01     0.0000000E+00
        0.0000       9.9999996E+24     2.4800000E+02    -2.1736343E-01     0.0000000E+00    -2.9420862E+01     0.0000000E+00
        0.0000       9.9999996E+24     2.5000000E+02    -1.8489932E-01     0.0000000E+00    -2.5228563E+01     0.0000000E+00
        0.0000       9.9999996E+24     2.5200000E+02    -1.5894380E-01     0.0000000E+00    -2.1860565E+01     0.0000000E+00
        0.0000       9.9999996E+24     2.5400000E+02    -1.3691181E-01     0.0000000E+00    -1.8979809E+01     0.0000000E+00
        0.0000       9.9999996E+24     2.5600000E+02    -1.1757355E-01     0.0000000E+00    -1.6427324E+01     0.0000000E+00
        0.0000       9.9999996E+24     2.5800000E+02    -1.0022844E-01     0.0000000E+00    -1.4113278E+01     0.0000000E+00
        0.0000       9.9999996E+24     2.6000000E+02    -8.4432349E-02     0.0000000E+00    -1.1981175E+01     0.0000000E+00
        0.0000       9.9999996E+24     2.6200000E+02    -6.9882236E-02     0.0000000E+00    -9.9927568E+00     0.0000000E+00
        0.0000       9.9999996E+24     2.6400000E+02    -5.6360692E-02     0.0000000E+00    -8.1207752E+00     0.0000000E+00
        0.0000       9.9999996E+24     2.6600000E+02    -4.3705147E-02     0.0000000E+00    -6.3449974E+00     0.0000000E+00
        0.0000       9.9999996E+24     2.6800000E+02    -3.1790305E-02     0.0000000E+00    -4.6499329E+00     0.0000000E+00
        0.0000       9.9999996E+24     2.7000000E+02    -2.0517183E-02     0.0000000E+00    -3.0234218E+00     0.0000000E+00
        0.0000       9.9999996E+24     2.7200000E+02    -9.8060584E-03     0.0000000E+00    -1.4557294E+00     0.0000000E+00
        0.0000       9.9999996E+24     2.7400000E+02     4.0848274E-04     0.0000000E+00     6.1085969E-02     0.0000000E+00
        0.0000       9.9999996E+24     2.7600000E+02     1.0181148E-02     0.0000000E+00     1.5336386E+00     0.0000000E+00
        0.0000       9.9999996E+24     2.7800000E+02     1.9557627E-02     0.0000000E+00     2.9674144E+00     0.0000000E+00
        0.0000       9.9999996E+24     2.8000000E+02     2.8577087E-02     0.0000000E+00     4.3671007E+00     0.0000000E+00
        0.0000       9.9999996E+24     2.8200000E+02     3.7273243E-02     0.0000000E+00     5.7367182E+00     0.0000000E+00
        0.0000       9.9999996E+24     2.8400000E+02     4.5675136E-02     0.0000000E+00     7.0797091E+00     0.0000000E+00
        0.0000       9.9999996E+24     2.8600000E+02     5.3808149E-02     0.0000000E+00     8.3990726E+00     0.0000000E+00
        0.0000       9.9999996E+24     2.8800000E+02     6.1694723E-02     0.0000000E+00     9.6974545E+00     0.0000000E+00
        0.0000       9.9999996E+24     2.9000000E+02     6.9354601E-02     0.0000000E+00     1.0977173E+01     0.0000000E+00
        0.0000       9.9999996E+24     2.9200000E+02     7.6805316E-02     0.0000000E+00     1.2240280E+01     0.0000000E+00
        0.0000       9.9999996E+24     2.9400000E+02     8.4062316E-02     0.0000000E+00     1.3488570E+01     0.0000000E+00
        0.0000       9.9999996E+24     2.9600000E+02     9.1139711E-02     0.0000000E+00     1.4723688E+01     0.0000000E+00
        0.0000       9.9999996E+24     2.9800000E+02     9.8049924E-02     0.0000000E+00     1.5947064E+01     0.0000000E+00
        0.0000       9.9999996E+24     3.0000000E+02     1.0480429E-01     0.0000000E+00     1.7160009E+01     0.0000000E+00