        0.3980       2.5126662E+00     1.0000000E+02    -3.1641033E-02     9.9749699E+00    -9.9154431E-01     6.2674583E+01
        0.3902       2.5628464E+00     1.0200000E+02    -3.2334007E-02     9.9752550E+00    -1.0132892E+00     6.2676376E+01
        0.3827       2.6130252E+00     1.0400000E+02    -3.3031918E-02     9.9755344E+00    -1.0351894E+00     6.2678131E+01
        0.3755       2.6632023E+00     1.0600000E+02    -3.3734523E-02     9.9758091E+00    -1.0572376E+00     6.2679859E+01
        0.3685       2.7133784E+00     1.0800000E+02    -3.4441948E-02     9.9760771E+00    -1.0794373E+00     6.2681545E+01
        0.3619       2.7635534E+00     1.1000000E+02    -3.5154112E-02     9.9763393E+00    -1.1017860E+00     6.2683193E+01
        0.3554       2.8137269E+00     1.1200000E+02    -3.5870891E-02     9.9765987E+00    -1.1242801E+00     6.2684818E+01
        0.3492       2.8638995E+00     1.1400000E+02    -3.6592383E-02     9.9768505E+00    -1.1469225E+00     6.2686405E+01
        0.3432       2.9140711E+00     1.1600000E+02    -3.7318561E-02     9.9770985E+00    -1.1697122E+00     6.2687958E+01
        0.3374       2.9642417E+00     1.1800000E+02    -3.8049411E-02     9.9773397E+00    -1.1926488E+00     6.2689476E+01
        0.3317       3.0144122E+00     1.2000000E+02    -3.8784895E-02     9.9775763E+00    -1.2157311E+00     6.2690960E+01
        0.3263       3.0645812E+00     1.2200000E+02    -3.9525069E-02     9.9778080E+00    -1.2389611E+00     6.2692417E+01
        0.3211       3.1147497E+00     1.2400000E+02    -4.0269993E-02     9.9780331E+00    -1.2623401E+00     6.2693832E+01
        0.3160       3.1649168E+00     1.2600000E+02    -4.1019503E-02     9.9782562E+00    -1.2858636E+00     6.2695232E+01
        0.3110       3.2150838E+00     1.2800000E+02    -4.1773818E-02     9.9784718E+00    -1.3095380E+00     6.2696590E+01
        0.3063       3.2652502E+00     1.3000000E+02    -4.2532869E-02     9.9786835E+00    -1.3333613E+00     6.2697922E+01
        0.3016       3.3154168E+00     1.3200000E+02    -4.3296788E-02     9.9788895E+00    -1.3573372E+00     6.2699211E+01
        0.2971       3.3655825E+00     1.3400000E+02    -4.4065483E-02     9.9790907E+00    -1.3814634E+00     6.2700478E+01
        0.2928       3.4157476E+00     1.3600000E+02    -4.4839099E-02     9.9792871E+00    -1.4057442E+00     6.2701714E+01
        0.2885       3.4659126E+00     1.3800000E+02    -4.5617603E-02     9.9794788E+00    -1.4301784E+00     6.2702919E+01
        0.2844       3.5160766E+00     1.4000000E+02    -4.6401083E-02     9.9796677E+00    -1.4547693E+00     6.2704105E+01
        0.2804       3.5662408E+00     1.4200000E+02    -4.7189552E-02     9.9798508E+00    -1.4795164E+00     6.2705254E+01
        0.2765       3.6164052E+00     1.4400000E+02    -4.7983132E-02     9.9800291E+00    -1.5044241E+00     6.2706375E+01
        0.2727       3.6665688E+00     1.4600000E+02    -4.8781812E-02     9.9802046E+00    -1.5294921E+00     6.2707474E+01
        0.2691       3.7167323E+00     1.4800000E+02    -4.9585696E-02     9.9803734E+00    -1.5547233E+00     6.2708538E+01
        0.2655       3.7668955E+00     1.5000000E+02    -5.0394796E-02     9.9805412E+00    -1.5801185E+00     6.2709591E+01
        0.2620       3.8170598E+00     1.5200000E+02    -5.1209275E-02     9.9807014E+00    -1.6056821E+00     6.2710598E+01
        0.2586       3.8672216E+00     1.5400000E+02    -5.2029066E-02     9.9808617E+00    -1.6314131E+00     6.2711605E+01
        0.2553       3.9173846E+00     1.5600000E+02    -5.2854352E-02     9.9810162E+00    -1.6573163E+00     6.2712578E+01
        0.2520       3.9675481E+00     1.5800000E+02    -5.3685237E-02     9.9811668E+00    -1.6833951E+00     6.2713524E+01
        0.2489       4.0177102E+00     1.6000000E+02    -5.4521732E-02     9.9813147E+00    -1.7096503E+00     6.2714451E+01
        0.2458       4.0678725E+00     1.6200000E+02    -5.5363920E-02     9.9814587E+00    -1.7360840E+00     6.2715359E+01
        0.2428       4.1180363E+00     1.6400000E+02    -5.6211963E-02     9.9815979E+00    -1.7627012E+00     6.2716228E+01
        0.2399       4.1681981E+00     1.6600000E+02    -5.7065822E-02     9.9817381E+00    -1.7895017E+00     6.2717110E+01
        0.2371       4.2183619E+00     1.6800000E+02    -5.7925809E-02     9.9818687E+00    -1.8164934E+00     6.2717930E+01
        0.2343       4.2685246E+00     1.7000000E+02    -5.8791842E-02     9.9819984E+00    -1.8436754E+00     6.2718750E+01
        0.2316       4.3186879E+00     1.7200000E+02    -5.9664074E-02     9.9821253E+00    -1.8710519E+00     6.2719547E+01
        0.2289       4.3688507E+00     1.7400000E+02    -6.0542602E-02     9.9822512E+00    -1.8986261E+00     6.2720333E+01
        0.2263       4.4190135E+00     1.7600000E+02    -6.1427560E-02     9.9823713E+00    -1.9264019E+00     6.2721092E+01
        0.2238       4.4691782E+00     1.7800000E+02    -6.2319111E-02     9.9824867E+00    -1.9543839E+00     6.2721813E+01
        0.2213       4.5193419E+00     1.8000000E+02    -6.3217252E-02     9.9826012E+00    -1.9825732E+00     6.2722534E+01
        0.2188       4.5695057E+00     1.8200000E+02    -6.4122170E-02     9.9827127E+00    -2.0109751E+00     6.2723236E+01
        0.2165       4.6196694E+00     1.8400000E+02    -6.5033980E-02     9.9828224E+00    -2.0395932E+00     6.2723923E+01
        0.2141       4.6698346E+00     1.8600000E+02    -6.5952837E-02     9.9829264E+00    -2.0684319E+00     6.2724575E+01
        0.2119       4.7199993E+00     1.8800000E+02    -6.6878818E-02     9.9830294E+00    -2.0974944E+00     6.2725224E+01
        0.2096       4.7701635E+00     1.9000000E+02    -6.7812115E-02     9.9831295E+00    -2.1267865E+00     6.2725857E+01
        0.2075       4.8203297E+00     1.9200000E+02    -6.8752788E-02     9.9832268E+00    -2.1563096E+00     6.2726463E+01
        0.2053       4.8704948E+00     1.9400000E+02    -6.9701031E-02     9.9833212E+00    -2.1860702E+00     6.2727058E+01
        0.2032       4.9206614E+00     1.9600000E+02    -7.0657037E-02     9.9834118E+00    -2.2160742E+00     6.2727627E+01
        0.2012       4.9708281E+00     1.9800000E+02    -7.1620852E-02     9.9835005E+00    -2.2463229E+00     6.2728184E+01
        0.1992       5.0209951E+00     2.0000000E+02    -7.2592713E-02     9.9835863E+00    -2.2768242E+00     6.2728725E+01
        0.1972       5.0711637E+00     2.0200000E+02    -7.3572725E-02     9.9836683E+00    -2.3075805E+00     6.2729240E+01
        0.1953       5.1213322E+00     2.0400000E+02    -7.4561037E-02     9.9837494E+00    -2.3385975E+00     6.2729748E+01
        0.1934       5.1715016E+00     2.0600000E+02    -7.5557917E-02     9.9838247E+00    -2.3698823E+00     6.2730221E+01
        0.1915       5.2216702E+00     2.0800000E+02    -7.6563314E-02     9.9839020E+00    -2.4014354E+00     6.2730709E+01
        0.1897       5.2718415E+00     2.1000000E+02    -7.7577516E-02     9.9839716E+00    -2.4332633E+00     6.2731148E+01
        0.1879       5.3220096E+00     2.1200000E+02    -7.8600645E-02     9.9840469E+00    -2.4653730E+00     6.2731621E+01
        0.1861       5.3721781E+00     2.1400000E+02    -7.9632990E-02     9.9841194E+00    -2.4977713E+00     6.2732075E+01
        0.1844       5.4223528E+00     2.1600000E+02    -8.0674745E-02     9.9841795E+00    -2.5304623E+00     6.2732452E+01
        0.1827       5.4725213E+00     2.1800000E+02    -8.1725828E-02     9.9842491E+00    -2.5634487E+00     6.2732887E+01
        0.1811       5.5226965E+00     2.2000000E+02    -8.2786739E-02     9.9843063E+00    -2.5967405E+00     6.2733250E+01
        0.1794       5.5728674E+00     2.2200000E+02    -8.3857454E-02     9.9843702E+00    -2.6303420E+00     6.2733650E+01
        0.1778       5.6230397E+00     2.2400000E+02    -8.4938310E-02     9.9844294E+00    -2.6642611E+00     6.2734024E+01
        0.1763       5.6732163E+00     2.2600000E+02    -8.6029530E-02     9.9844809E+00    -2.6985030E+00     6.2734344E+01
        0.1747       5.7233887E+00     2.2800000E+02    -8.7131195E-02     9.9845390E+00    -2.7330751E+00     6.2734711E+01
        0.1732       5.7735639E+00     2.3000000E+02    -8.8243619E-02     9.9845915E+00    -2.7679834E+00     6.2735039E+01
        0.1717       5.8237357E+00     2.3200000E+02    -8.9366913E-02     9.9846468E+00    -2.8032341E+00     6.2735390E+01
        0.1702       5.8739109E+00     2.3400000E+02    -9.0501517E-02     9.9846973E+00    -2.8388381E+00     6.2735703E+01
        0.1688       5.9240899E+00     2.3600000E+02    -9.1647550E-02     9.9847403E+00    -2.8747993E+00     6.2735973E+01
        0.1674       5.9742632E+00     2.3800000E+02    -9.2805199E-02     9.9847918E+00    -2.9111273E+00     6.2736298E+01
        0.1660       6.0244427E+00     2.4000000E+02    -9.3974814E-02     9.9848318E+00    -2.9478281E+00     6.2736553E+01
        0.1646       6.0746169E+00     2.4200000E+02    -9.5156543E-02     9.9848804E+00    -2.9849112E+00     6.2736855E+01
        0.1633       6.1247973E+00     2.4400000E+02    -9.6350871E-02     9.9849186E+00    -3.0223868E+00     6.2737095E+01
        0.1619       6.1749763E+00     2.4600000E+02    -9.7557843E-02     9.9849577E+00    -3.0602598E+00     6.2737339E+01
        0.1606       6.2251534E+00     2.4800000E+02    -9.8777771E-02     9.9849997E+00    -3.0985405E+00     6.2737606E+01
        0.1594       6.2753315E+00     2.5000000E+02    -1.0001104E-01     9.9850378E+00    -3.1372385E+00     6.2737846E+01
        0.1581       6.3255115E+00     2.5200000E+02    -1.0125786E-01     9.9850740E+00    -3.1763616E+00     6.2738071E+01
        0.1568       6.3756957E+00     2.5400000E+02    -1.0251874E-01     9.9851027E+00    -3.2159233E+00     6.2738251E+01
        0.1556       6.4258738E+00     2.5600000E+02    -1.0379370E-01     9.9851398E+00    -3.2559299E+00     6.2738487E+01
        0.1544       6.4760551E+00     2.5800000E+02    -1.0508318E-01     9.9851732E+00    -3.2963908E+00     6.2738697E+01
        0.1532       6.5262294E+00     2.6000000E+02    -1.0638745E-01     9.9852152E+00    -3.3373189E+00     6.2738956E+01
        0.1521       6.5764189E+00     2.6200000E+02    -1.0770722E-01     9.9852333E+00    -3.3787253E+00     6.2739071E+01
        0.1509       6.6265998E+00     2.6400000E+02    -1.0904234E-01     9.9852648E+00    -3.4206183E+00     6.2739269E+01
        0.1498       6.6767793E+00     2.6600000E+02    -1.1039339E-01     9.9852972E+00    -3.4630117E+00     6.2739475E+01
        0.1487       6.7269707E+00     2.6800000E+02    -1.1176091E-01     9.9853134E+00    -3.5059161E+00     6.2739574E+01
        0.1476       6.7771506E+00     2.7000000E+02    -1.1314506E-01     9.9853439E+00    -3.5493472E+00     6.2739765E+01
        0.1465       6.8273401E+00     2.7200000E+02    -1.1454626E-01     9.9853601E+00    -3.5933089E+00     6.2739872E+01
        0.1454       6.8775225E+00     2.7400000E+02    -1.1596496E-01     9.9853878E+00    -3.6378233E+00     6.2740044E+01
        0.1443       6.9277101E+00     2.7600000E+02    -1.1740170E-01     9.9854078E+00    -3.6829011E+00     6.2740170E+01
        0.1433       6.9779005E+00     2.7800000E+02    -1.1885671E-01     9.9854212E+00    -3.7285502E+00     6.2740253E+01
        0.1423       7.0280848E+00     2.8000000E+02    -1.2033048E-01     9.9854450E+00    -3.7747915E+00     6.2740402E+01
        0.1413       7.0782790E+00     2.8200000E+02    -1.2182368E-01     9.9854555E+00    -3.8216374E+00     6.2740467E+01
        0.1403       7.1284671E+00     2.8400000E+02    -1.2333662E-01     9.9854717E+00    -3.8691049E+00     6.2740570E+01
        0.1393       7.1786618E+00     2.8600000E+02    -1.2486988E-01     9.9854803E+00    -3.9172070E+00     6.2740623E+01
        0.1383       7.2288542E+00     2.8800000E+02    -1.2642379E-01     9.9854918E+00    -3.9659584E+00     6.2740696E+01
        0.1374       7.2790432E+00     2.9000000E+02    -1.2799893E-01     9.9855061E+00    -4.0153770E+00     6.2740788E+01
        0.1364       7.3292375E+00     2.9200000E+02    -1.2959602E-01     9.9855146E+00    -4.0654817E+00     6.2740841E+01
        0.1355       7.3794317E+00     2.9400000E+02    -1.3121557E-01     9.9855223E+00    -4.1162910E+00     6.2740891E+01
        0.1346       7.4296269E+00     2.9600000E+02    -1.3285805E-01     9.9855289E+00    -4.1678190E+00     6.2740929E+01
        0.1337       7.4798436E+00     2.9800000E+02    -1.3452441E-01     9.9855080E+00    -4.2200842E+00     6.2740799E+01
        0.1328       7.5300369E+00     3.0000000E+02    -1.3621470E-01     9.9855165E+00    -4.2731133E+00     6.2740852E+01