        0.3894       2.5677478E+00     1.0000000E+02    -1.4772254E-01     9.7609940E+00    -4.5299215E+00     6.1330135E+01
        0.3818       2.6190386E+00     1.0200000E+02    -1.5143362E-01     9.7612333E+00    -4.6438360E+00     6.1331642E+01
        0.3745       2.6703374E+00     1.0400000E+02    -1.5520285E-01     9.7614346E+00    -4.7595205E+00     6.1332901E+01
        0.3674       2.7216496E+00     1.0600000E+02    -1.5903196E-01     9.7615786E+00    -4.8770180E+00     6.1333809E+01
        0.3606       2.7729743E+00     1.0800000E+02    -1.6292270E-01     9.7616749E+00    -4.9963841E+00     6.1334415E+01
        0.3541       2.8243103E+00     1.1000000E+02    -1.6687623E-01     9.7617283E+00    -5.1176558E+00     6.1334747E+01
        0.3477       2.8756609E+00     1.1200000E+02    -1.7089476E-01     9.7617283E+00    -5.2408938E+00     6.1334751E+01
        0.3416       2.9270244E+00     1.1400000E+02    -1.7497984E-01     9.7616882E+00    -5.3661504E+00     6.1334499E+01
        0.3358       2.9784055E+00     1.1600000E+02    -1.7913407E-01     9.7615900E+00    -5.4934940E+00     6.1333881E+01
        0.3301       3.0298038E+00     1.1800000E+02    -1.8335922E-01     9.7614403E+00    -5.6229801E+00     6.1332939E+01
        0.3245       3.0812175E+00     1.2000000E+02    -1.8765759E-01     9.7612467E+00    -5.7546821E+00     6.1331726E+01
        0.3192       3.1326513E+00     1.2200000E+02    -1.9203177E-01     9.7609968E+00    -5.8886690E+00     6.1330154E+01
        0.3141       3.1841073E+00     1.2400000E+02    -1.9648460E-01     9.7606869E+00    -6.0250239E+00     6.1328209E+01
        0.3091       3.2355807E+00     1.2600000E+02    -2.0101815E-01     9.7603350E+00    -6.1638188E+00     6.1325993E+01
        0.3042       3.2870808E+00     1.2800000E+02    -2.0563595E-01     9.7599144E+00    -6.3051429E+00     6.1323353E+01
        0.2995       3.3386042E+00     1.3000000E+02    -2.1034096E-01     9.7594376E+00    -6.4490914E+00     6.1320358E+01
        0.2950       3.3901536E+00     1.3200000E+02    -2.1513624E-01     9.7589016E+00    -6.5957532E+00     6.1316986E+01
        0.2906       3.4417288E+00     1.3400000E+02    -2.2002526E-01     9.7583094E+00    -6.7452335E+00     6.1313267E+01
        0.2863       3.4933343E+00     1.3600000E+02    -2.2501139E-01     9.7576485E+00    -6.8976250E+00     6.1309116E+01
        0.2821       3.5449653E+00     1.3800000E+02    -2.3009856E-01     9.7569370E+00    -7.0530553E+00     6.1304646E+01
        0.2780       3.5966361E+00     1.4000000E+02    -2.3529141E-01     9.7561378E+00    -7.2116375E+00     6.1299625E+01
        0.2741       3.6483321E+00     1.4200000E+02    -2.4059281E-01     9.7552938E+00    -7.3734865E+00     6.1294323E+01
        0.2703       3.7000740E+00     1.4400000E+02    -2.4600881E-01     9.7543535E+00    -7.5387444E+00     6.1288410E+01
        0.2665       3.7518477E+00     1.4600000E+02    -2.5154281E-01     9.7533560E+00    -7.7075410E+00     6.1282143E+01
        0.2629       3.8036678E+00     1.4800000E+02    -2.5720078E-01     9.7522659E+00    -7.8800268E+00     6.1275295E+01
        0.2594       3.8555267E+00     1.5000000E+02    -2.6298761E-01     9.7511072E+00    -8.0563650E+00     6.1268017E+01
        0.2559       3.9074352E+00     1.5200000E+02    -2.6890916E-01     9.7498569E+00    -8.2367086E+00     6.1260159E+01
        0.2526       3.9593909E+00     1.5400000E+02    -2.7497131E-01     9.7485209E+00    -8.4212389E+00     6.1251766E+01
        0.2493       4.0114026E+00     1.5600000E+02    -2.8118086E-01     9.7470837E+00    -8.6101427E+00     6.1242737E+01
        0.2461       4.0634670E+00     1.5800000E+02    -2.8754410E-01     9.7455587E+00    -8.8036165E+00     6.1233154E+01
        0.2430       4.1155939E+00     1.6000000E+02    -2.9406863E-01     9.7439232E+00    -9.0018644E+00     6.1222878E+01
        0.2399       4.1677856E+00     1.6200000E+02    -3.0076194E-01     9.7421770E+00    -9.2051058E+00     6.1211906E+01
        0.2370       4.2200522E+00     1.6400000E+02    -3.0763280E-01     9.7403021E+00    -9.4135828E+00     6.1200123E+01
        0.2341       4.2723947E+00     1.6600000E+02    -3.1468934E-01     9.7383003E+00    -9.6275339E+00     6.1187546E+01
        0.2312       4.3248200E+00     1.6800000E+02    -3.2194185E-01     9.7361584E+00    -9.8472500E+00     6.1174088E+01
        0.2284       4.3773322E+00     1.7000000E+02    -3.2939920E-01     9.7338762E+00    -1.0072987E+01     6.1159752E+01
        0.2257       4.4299536E+00     1.7200000E+02    -3.3707416E-01     9.7314081E+00    -1.0305072E+01     6.1144241E+01
        0.2231       4.4826679E+00     1.7400000E+02    -3.4497580E-01     9.7287951E+00    -1.0543810E+01     6.1127823E+01
        0.2205       4.5355134E+00     1.7600000E+02    -3.5311887E-01     9.7259626E+00    -1.0789552E+01     6.1110027E+01
        0.2179       4.5884757E+00     1.7800000E+02    -3.6151502E-01     9.7229481E+00    -1.1042673E+01     6.1091087E+01
        0.2154       4.6415920E+00     1.8000000E+02    -3.7018040E-01     9.7196789E+00    -1.1303559E+01     6.1070545E+01
        0.2130       4.6948500E+00     1.8200000E+02    -3.7912884E-01     9.7161913E+00    -1.1572648E+01     6.1048630E+01
        0.2106       4.7482877E+00     1.8400000E+02    -3.8837823E-01     9.7124147E+00    -1.1850372E+01     6.1024902E+01
        0.2082       4.8019295E+00     1.8600000E+02    -3.9794821E-01     9.7083082E+00    -1.2137241E+01     6.0999100E+01
        0.2059       4.8557529E+00     1.8800000E+02    -4.0785414E-01     9.7039299E+00    -1.2433758E+01     6.0971592E+01
        0.2037       4.9098320E+00     1.9000000E+02    -4.1812181E-01     9.6991425E+00    -1.2740488E+01     6.0941513E+01
        0.2014       4.9641743E+00     1.9200000E+02    -4.2877302E-01     9.6939468E+00    -1.3058039E+01     6.0908863E+01
        0.1993       5.0188174E+00     1.9400000E+02    -4.3983394E-01     9.6882820E+00    -1.3387066E+01     6.0873272E+01
        0.1971       5.0738063E+00     1.9600000E+02    -4.5133221E-01     9.6820784E+00    -1.3728239E+01     6.0834297E+01
        0.1950       5.1291504E+00     1.9800000E+02    -4.6329558E-01     9.6753378E+00    -1.4082319E+01     6.0791943E+01
        0.1929       5.1849260E+00     2.0000000E+02    -4.7575945E-01     9.6679373E+00    -1.4450109E+01     6.0745445E+01
        0.1908       5.2411499E+00     2.0200000E+02    -4.8875600E-01     9.6598673E+00    -1.4832459E+01     6.0694740E+01
        0.1888       5.2979431E+00     2.0400000E+02    -5.0233054E-01     9.6509323E+00    -1.5230310E+01     6.0638599E+01
        0.1867       5.3553896E+00     2.0600000E+02    -5.1652747E-01     9.6410103E+00    -1.5644650E+01     6.0576256E+01
        0.1847       5.4135151E+00     2.0800000E+02    -5.3138804E-01     9.6300907E+00    -1.6076521E+01     6.0507648E+01
        0.1827       5.4724789E+00     2.1000000E+02    -5.4697156E-01     9.6179295E+00    -1.6527084E+01     6.0431236E+01
        0.1808       5.5324025E+00     2.1200000E+02    -5.6333631E-01     9.6043615E+00    -1.6997543E+01     6.0345985E+01
        0.1788       5.5934024E+00     2.1400000E+02    -5.8054346E-01     9.5892382E+00    -1.7489151E+01     6.0250961E+01
        0.1768       5.6556721E+00     2.1600000E+02    -5.9866756E-01     9.5722923E+00    -1.8003277E+01     6.0144489E+01
        0.1748       5.7194085E+00     2.1800000E+02    -6.1778748E-01     9.5532637E+00    -1.8541325E+01     6.0024929E+01
        0.1729       5.7848659E+00     2.2000000E+02    -6.3799208E-01     9.5318193E+00    -1.9104734E+01     5.9890190E+01
        0.1709       5.8522739E+00     2.2200000E+02    -6.5937263E-01     9.5076838E+00    -1.9694979E+01     5.9738541E+01
        0.1689       5.9220767E+00     2.2400000E+02    -6.8204838E-01     9.4802637E+00    -2.0313534E+01     5.9566254E+01
        0.1668       5.9946012E+00     2.2600000E+02    -7.0613199E-01     9.4491892E+00    -2.0961884E+01     5.9371006E+01
        0.1647       6.0703101E+00     2.2800000E+02    -7.3175246E-01     9.4139175E+00    -2.1641356E+01     5.9149387E+01
        0.1626       6.1497450E+00     2.3000000E+02    -7.5905079E-01     9.3738317E+00    -2.2353106E+01     5.8897522E+01
        0.1604       6.2336407E+00     2.3200000E+02    -7.8819913E-01     9.3280878E+00    -2.3098217E+01     5.8610104E+01
        0.1582       6.3227077E+00     2.3400000E+02    -8.1936300E-01     9.2759666E+00    -2.3877312E+01     5.8282619E+01
        0.1558       6.4177418E+00     2.3600000E+02    -8.5272181E-01     9.2167149E+00    -2.4690701E+01     5.7910328E+01
        0.1534       6.5198736E+00     2.3800000E+02    -8.8849908E-01     9.1492224E+00    -2.5538244E+01     5.7486259E+01
        0.1508       6.6303606E+00     2.4000000E+02    -9.2693353E-01     9.0723648E+00    -2.6419157E+01     5.7003349E+01
        0.1481       6.7503786E+00     2.4200000E+02    -9.6825778E-01     8.9853220E+00    -2.7332195E+01     5.6456444E+01
        0.1453       6.8815932E+00     2.4400000E+02    -1.0127705E+00     8.8868370E+00    -2.8275362E+01     5.5837646E+01
        0.1423       7.0256886E+00     2.4600000E+02    -1.0607861E+00     8.7759199E+00    -2.9246262E+01     5.5140732E+01
        0.1392       7.1849084E+00     2.4800000E+02    -1.1127071E+00     8.6512098E+00    -3.0241798E+01     5.4357155E+01
        0.1358       7.3615875E+00     2.5000000E+02    -1.1689779E+00     8.5116730E+00    -3.1258713E+01     5.3480419E+01
        0.1323       7.5586619E+00     2.5200000E+02    -1.2301649E+00     8.3560686E+00    -3.2293507E+01     5.2502728E+01
        0.1285       7.7797251E+00     2.5400000E+02    -1.2969764E+00     8.1830626E+00    -3.3342476E+01     5.1415699E+01
        0.1246       8.0286236E+00     2.5600000E+02    -1.3702375E+00     7.9918122E+00    -3.4402580E+01     5.0214039E+01
        0.1203       8.3114367E+00     2.5800000E+02    -1.4511981E+00     7.7801871E+00    -3.5470444E+01     4.8884357E+01
        0.1158       8.6347904E+00     2.6000000E+02    -1.5413198E+00     7.5468884E+00    -3.6543537E+01     4.7418499E+01
        0.1110       9.0083904E+00     2.6200000E+02    -1.6427323E+00     7.2895460E+00    -3.7619858E+01     4.5801571E+01
        0.1059       9.4447994E+00     2.6400000E+02    -1.7582618E+00     7.0057979E+00    -3.8698223E+01     4.4018726E+01
        0.1004       9.9627466E+00     2.6600000E+02    -1.8920811E+00     6.6918931E+00    -3.9777607E+01     4.2046406E+01
        0.0944       1.0589456E+01     2.6800000E+02    -2.0503361E+00     6.3431878E+00    -4.0858513E+01     3.9855427E+01
        0.0880       1.1369521E+01     2.7000000E+02    -2.2430012E+00     5.9520698E+00    -4.1941830E+01     3.7397957E+01
        0.0808       1.2374058E+01     2.7200000E+02    -2.4861569E+00     5.5093851E+00    -4.3031013E+01     3.4616489E+01
        0.0728       1.3740646E+01     2.7400000E+02    -2.8106074E+00     4.9979253E+00    -4.4130604E+01     3.1402893E+01
        0.0635       1.5754848E+01     2.7600000E+02    -3.2801163E+00     4.3907757E+00    -4.5246017E+01     2.7588057E+01
        0.0522       1.9175444E+01     2.7800000E+02    -4.0635176E+00     3.6336725E+00    -4.6387161E+01     2.2831038E+01
        0.0368       2.7170078E+01     2.8000000E+02    -5.8631563E+00     2.5829356E+00    -4.7576767E+01     1.6229063E+01
        0.0000       9.9999996E+24     2.8200000E+02    -2.9321191E-01     0.0000000E+00    -4.5128189E+01     0.0000000E+00
        0.0000       9.9999996E+24     2.8400000E+02    -2.2773375E-01     0.0000000E+00    -3.5299046E+01     0.0000000E+00
        0.0000       9.9999996E+24     2.8600000E+02    -1.9499770E-01     0.0000000E+00    -3.0437765E+01     0.0000000E+00
        0.0000       9.9999996E+24     2.8800000E+02    -1.7044078E-01     0.0000000E+00    -2.6790649E+01     0.0000000E+00
        0.0000       9.9999996E+24     2.9000000E+02    -1.5020138E-01     0.0000000E+00    -2.3773281E+01     0.0000000E+00
        0.0000       9.9999996E+24     2.9200000E+02    -1.3273789E-01     0.0000000E+00    -2.1154121E+01     0.0000000E+00
        0.0000       9.9999996E+24     2.9400000E+02    -1.1724819E-01     0.0000000E+00    -1.8813549E+01     0.0000000E+00
        0.0000       9.9999996E+24     2.9600000E+02    -1.0325121E-01     0.0000000E+00    -1.6680309E+01     0.0000000E+00
        0.0000       9.9999996E+24     2.9800000E+02    -9.0431638E-02     0.0000000E+00    -1.4708010E+01     0.0000000E+00
        0.0000       9.9999996E+24     3.0000000E+02    -7.8569487E-02     0.0000000E+00    -1.2864484E+01     0.0000000E+00