        0.8763       1.1411698E+00     1.0000000E+02    -1.5502986E-01     2.1963226E+01    -1.0696985E+01     1.3799902E+02
        0.8565       1.1675123E+00     1.0200000E+02    -1.5743442E-01     2.1897024E+01    -1.0830155E+01     1.3758307E+02
        0.8375       1.1940759E+00     1.0400000E+02    -1.5985456E-01     2.1829702E+01    -1.0962831E+01     1.3716006E+02
        0.8191       1.2208697E+00     1.0600000E+02    -1.6229315E-01     2.1761206E+01    -1.1095146E+01     1.3672969E+02
        0.8013       1.2479042E+00     1.0800000E+02    -1.6474767E-01     2.1691465E+01    -1.1226853E+01     1.3629150E+02
        0.7842       1.2751869E+00     1.1000000E+02    -1.6721773E-01     2.1620476E+01    -1.1357884E+01     1.3584546E+02
        0.7676       1.3027302E+00     1.1200000E+02    -1.6970503E-01     2.1548147E+01    -1.1488268E+01     1.3539101E+02
        0.7516       1.3305453E+00     1.1400000E+02    -1.7220913E-01     2.1474428E+01    -1.1617901E+01     1.3492781E+02
        0.7360       1.3586410E+00     1.1600000E+02    -1.7472707E-01     2.1399303E+01    -1.1746533E+01     1.3445580E+02
        0.7210       1.3870296E+00     1.1800000E+02    -1.7726015E-01     2.1322723E+01    -1.1874181E+01     1.3397462E+02
        0.7064       1.4157219E+00     1.2000000E+02    -1.7980660E-01     2.1244656E+01    -1.2000663E+01     1.3348412E+02
        0.6922       1.4447318E+00     1.2200000E+02    -1.8236373E-01     2.1165035E+01    -1.2125715E+01     1.3298384E+02
        0.6784       1.4740729E+00     1.2400000E+02    -1.8493243E-01     2.1083811E+01    -1.2249323E+01     1.3247350E+02
        0.6650       1.5037563E+00     1.2600000E+02    -1.8750884E-01     2.1000977E+01    -1.2371180E+01     1.3195303E+02
        0.6520       1.5337975E+00     1.2800000E+02    -1.9009279E-01     2.0916468E+01    -1.2491191E+01     1.3142204E+02
        0.6393       1.5642102E+00     1.3000000E+02    -1.9268006E-01     2.0830257E+01    -1.2609019E+01     1.3088037E+02
        0.6270       1.5950103E+00     1.3200000E+02    -1.9526926E-01     2.0742296E+01    -1.2724496E+01     1.3032770E+02
        0.6149       1.6262159E+00     1.3400000E+02    -1.9785771E-01     2.0652517E+01    -1.2837364E+01     1.2976360E+02
        0.6032       1.6578416E+00     1.3600000E+02    -2.0044199E-01     2.0560905E+01    -1.2947349E+01     1.2918799E+02
        0.5917       1.6899034E+00     1.3800000E+02    -2.0301712E-01     2.0467443E+01    -1.3054075E+01     1.2860074E+02
        0.5806       1.7224201E+00     1.4000000E+02    -2.0557950E-01     2.0372080E+01    -1.3157248E+01     1.2800156E+02
        0.5697       1.7554183E+00     1.4200000E+02    -2.0812799E-01     2.0274685E+01    -1.3256671E+01     1.2738960E+02
        0.5590       1.7889097E+00     1.4400000E+02    -2.1065390E-01     2.0175322E+01    -1.3351801E+01     1.2676529E+02
        0.5486       1.8229177E+00     1.4600000E+02    -2.1315193E-01     2.0073921E+01    -1.3442231E+01     1.2612817E+02
        0.5384       1.8574660E+00     1.4800000E+02    -2.1561734E-01     1.9970423E+01    -1.3527602E+01     1.2547787E+02
        0.5284       1.8925740E+00     1.5000000E+02    -2.1804157E-01     1.9864826E+01    -1.3607363E+01     1.2481439E+02
        0.5186       1.9282784E+00     1.5200000E+02    -2.2042133E-01     1.9756966E+01    -1.3681186E+01     1.2413668E+02
        0.5090       1.9645914E+00     1.5400000E+02    -2.2274236E-01     1.9646938E+01    -1.3748256E+01     1.2344536E+02
        0.4996       2.0015485E+00     1.5600000E+02    -2.2499806E-01     1.9534616E+01    -1.3808087E+01     1.2273962E+02
        0.4904       2.0391684E+00     1.5800000E+02    -2.2717498E-01     1.9420053E+01    -1.3859922E+01     1.2201980E+02
        0.4813       2.0774910E+00     1.6000000E+02    -2.2926356E-01     1.9303106E+01    -1.3903115E+01     1.2128500E+02
        0.4725       2.1165400E+00     1.6200000E+02    -2.3124839E-01     1.9183811E+01    -1.3936814E+01     1.2053545E+02
        0.4637       2.1563454E+00     1.6400000E+02    -2.3311332E-01     1.9062151E+01    -1.3960111E+01     1.1977103E+02
        0.4552       2.1969457E+00     1.6600000E+02    -2.3484285E-01     1.8938046E+01    -1.3972123E+01     1.1899126E+02
        0.4468       2.2383754E+00     1.6800000E+02    -2.3641822E-01     1.8811470E+01    -1.3971838E+01     1.1819595E+02
        0.4385       2.2806654E+00     1.7000000E+02    -2.3781481E-01     1.8682447E+01    -1.3957980E+01     1.1738528E+02
        0.4303       2.3238428E+00     1.7200000E+02    -2.3900682E-01     1.8551033E+01    -1.3929268E+01     1.1655959E+02
        0.4223       2.3679566E+00     1.7400000E+02    -2.3996955E-01     1.8417128E+01    -1.3884426E+01     1.1571823E+02
        0.4144       2.4130249E+00     1.7600000E+02    -2.4066718E-01     1.8280886E+01    -1.3821780E+01     1.1486220E+02
        0.4067       2.4590907E+00     1.7800000E+02    -2.4106704E-01     1.8142281E+01    -1.3739774E+01     1.1399131E+02
        0.3990       2.5061803E+00     1.8000000E+02    -2.4112880E-01     1.8001411E+01    -1.3636582E+01     1.1310621E+02
        0.3915       2.5543187E+00     1.8200000E+02    -2.4080804E-01     1.7858406E+01    -1.3510256E+01     1.1220768E+02
        0.3841       2.6035194E+00     1.8400000E+02    -2.4005422E-01     1.7713461E+01    -1.3358652E+01     1.1129696E+02
        0.3768       2.6538010E+00     1.8600000E+02    -2.3881730E-01     1.7566732E+01    -1.3179734E+01     1.1037504E+02
        0.3697       2.7051566E+00     1.8800000E+02    -2.3703691E-01     1.7418545E+01    -1.2971128E+01     1.0944395E+02
        0.3626       2.7575696E+00     1.9000000E+02    -2.3465247E-01     1.7269251E+01    -1.2730590E+01     1.0850591E+02
        0.3557       2.8110132E+00     1.9200000E+02    -2.3160310E-01     1.7119251E+01    -1.2456012E+01     1.0756343E+02
        0.3490       2.8654277E+00     1.9400000E+02    -2.2782445E-01     1.6969093E+01    -1.2145317E+01     1.0661996E+02
        0.3424       2.9207380E+00     1.9600000E+02    -2.2325949E-01     1.6819376E+01    -1.1796949E+01     1.0567926E+02
        0.3359       2.9768393E+00     1.9800000E+02    -2.1785775E-01     1.6670790E+01    -1.1409827E+01     1.0474567E+02
        0.3296       3.0335963E+00     2.0000000E+02    -2.1158116E-01     1.6524132E+01    -1.0983620E+01     1.0382418E+02
        0.3235       3.0908489E+00     2.0200000E+02    -2.0440848E-01     1.6380230E+01    -1.0518863E+01     1.0292002E+02
        0.3176       3.1484222E+00     2.0400000E+02    -1.9634213E-01     1.6239910E+01    -1.0017215E+01     1.0203837E+02
        0.3119       3.2061303E+00     2.0600000E+02    -1.8741527E-01     1.6103952E+01    -9.4817247E+00     1.0118412E+02
        0.3064       3.2637892E+00     2.0800000E+02    -1.7768192E-01     1.5973042E+01    -8.9162197E+00     1.0036159E+02
        0.3011       3.3212276E+00     2.1000000E+02    -1.6722286E-01     1.5847730E+01    -8.3255434E+00     9.9574226E+01
        0.2960       3.3783078E+00     2.1200000E+02    -1.5615153E-01     1.5728346E+01    -7.7157683E+00     9.8824112E+01
        0.2911       3.4349151E+00     2.1400000E+02    -1.4457102E-01     1.5615079E+01    -7.0921078E+00     9.8112434E+01
        0.2865       3.4909787E+00     2.1600000E+02    -1.3259529E-01     1.5507898E+01    -6.4599762E+00     9.7439003E+01
        0.2820       3.5464623E+00     2.1800000E+02    -1.2034306E-01     1.5406626E+01    -5.8247657E+00     9.6802689E+01
        0.2777       3.6013677E+00     2.2000000E+02    -1.0792945E-01     1.5310931E+01    -5.1914830E+00     9.6201424E+01
        0.2735       3.6557181E+00     2.2200000E+02    -9.5448330E-02     1.5220422E+01    -4.5639925E+00     9.5632736E+01
        0.2696       3.7095468E+00     2.2400000E+02    -8.2954645E-02     1.5134691E+01    -3.9442475E+00     9.5094070E+01
        0.2658       3.7629158E+00     2.2600000E+02    -7.0540644E-02     1.5053252E+01    -3.3359509E+00     9.4582375E+01
        0.2621       3.8158815E+00     2.2800000E+02    -5.8241032E-02     1.4975675E+01    -2.7400932E+00     9.4094940E+01
        0.2585       3.8685098E+00     2.3000000E+02    -4.6100285E-02     1.4901520E+01    -2.1581621E+00     9.3629013E+01
        0.2550       3.9208643E+00     2.3200000E+02    -3.4153070E-02     1.4830390E+01    -1.5912272E+00     9.3182091E+01
        0.2517       3.9730060E+00     2.3400000E+02    -2.2412198E-02     1.4761927E+01    -1.0393872E+00     9.2751923E+01
        0.2484       4.0249887E+00     2.3600000E+02    -1.0888817E-02     1.4695816E+01    -5.0271785E-01     9.2336540E+01
        0.2453       4.0768733E+00     2.3800000E+02     3.9631987E-04     1.4631745E+01     1.8217629E-02     9.1933968E+01
        0.2422       4.1287079E+00     2.4000000E+02     1.1438236E-02     1.4569461E+01     5.2354306E-01     9.1542625E+01
        0.2392       4.1805396E+00     2.4200000E+02     2.2243816E-02     1.4508731E+01     1.0138848E+00     9.1161049E+01
        0.2363       4.2324080E+00     2.4400000E+02     3.2804884E-02     1.4449364E+01     1.4891455E+00     9.0788033E+01
        0.2334       4.2843523E+00     2.4600000E+02     4.3127805E-02     1.4391178E+01     1.9498607E+00     9.0422440E+01
        0.2306       4.3364034E+00     2.4800000E+02     5.3216692E-02     1.4334034E+01     2.3964379E+00     9.0063393E+01
        0.2279       4.3886056E+00     2.5000000E+02     6.3053489E-02     1.4277752E+01     2.8282566E+00     8.9709763E+01
        0.2252       4.4409757E+00     2.5200000E+02     7.2670884E-02     1.4222257E+01     3.2469742E+00     8.9361076E+01
        0.2225       4.4935546E+00     2.5400000E+02     8.2036786E-02     1.4167397E+01     3.6513090E+00     8.9016388E+01
        0.2200       4.5463362E+00     2.5600000E+02     9.1215119E-02     1.4113177E+01     4.0442829E+00     8.8675713E+01
        0.2174       4.5993862E+00     2.5800000E+02     1.0013254E-01     1.4059382E+01     4.4227395E+00     8.8337708E+01
        0.2149       4.6526895E+00     2.6000000E+02     1.0885580E-01     1.4006050E+01     4.7897973E+00     8.8002609E+01
        0.2125       4.7062783E+00     2.6200000E+02     1.1735735E-01     1.3953080E+01     5.1443472E+00     8.7669792E+01
        0.2101       4.7601657E+00     2.6400000E+02     1.2565812E-01     1.3900431E+01     5.4874263E+00     8.7338982E+01
        0.2077       4.8143787E+00     2.6600000E+02     1.3373375E-01     1.3848023E+01     5.8180666E+00     8.7009697E+01
        0.2054       4.8689156E+00     2.6800000E+02     1.4162290E-01     1.3795866E+01     6.1380768E+00     8.6681984E+01
        0.2031       4.9237962E+00     2.7000000E+02     1.4930384E-01     1.3743903E+01     6.4466033E+00     8.6355492E+01
        0.2008       4.9790502E+00     2.7200000E+02     1.5675721E-01     1.3692060E+01     6.7428913E+00     8.6029747E+01
        0.1986       5.0346570E+00     2.7400000E+02     1.6403329E-01     1.3640399E+01     7.0292497E+00     8.5705154E+01
        0.1964       5.0906429E+00     2.7600000E+02     1.7111675E-01     1.3588855E+01     7.3050847E+00     8.5381294E+01
        0.1943       5.1470199E+00     2.7800000E+02     1.7798124E-01     1.3537402E+01     7.5693650E+00     8.5058006E+01
        0.1922       5.2037845E+00     2.8000000E+02     1.8467484E-01     1.3486062E+01     7.8242512E+00     8.4735428E+01
        0.1901       5.2609539E+00     2.8200000E+02     1.9114414E-01     1.3434794E+01     8.0675545E+00     8.4413307E+01
        0.1880       5.3185225E+00     2.8400000E+02     1.9744469E-01     1.3383623E+01     8.3017387E+00     8.4091789E+01
        0.1860       5.3765087E+00     2.8600000E+02     2.0353204E-01     1.3332516E+01     8.5250072E+00     8.3770668E+01
        0.1840       5.4349022E+00     2.8800000E+02     2.0941865E-01     1.3281501E+01     8.7380075E+00     8.3450134E+01
        0.1820       5.4937110E+00     2.9000000E+02     2.1513461E-01     1.3230572E+01     8.9420843E+00     8.3130135E+01
        0.1801       5.5529337E+00     2.9200000E+02     2.2065371E-01     1.3179738E+01     9.1362486E+00     8.2810738E+01
        0.1782       5.6125803E+00     2.9400000E+02     2.2593592E-01     1.3128985E+01     9.3189363E+00     8.2491852E+01
        0.1763       5.6726360E+00     2.9600000E+02     2.3105851E-01     1.3078356E+01     9.4934702E+00     8.2173737E+01
        0.1744       5.7330990E+00     2.9800000E+02     2.3597971E-01     1.3027864E+01     9.6582355E+00     8.1856491E+01
        0.1726       5.7939858E+00     3.0000000E+02     2.4065126E-01     1.2977475E+01     9.8113384E+00     8.1539886E+01