        0.9354       1.0690415E+00     1.0000000E+02    -3.4167044E-02     2.3445087E+01    -2.5165708E+00     1.4730983E+02
        0.9165       1.0910661E+00     1.0200000E+02    -3.4695014E-02     2.3431253E+01    -2.5539505E+00     1.4722292E+02
        0.8984       1.1131253E+00     1.0400000E+02    -3.5225846E-02     2.3417238E+01    -2.5914748E+00     1.4713486E+02
        0.8809       1.1352199E+00     1.0600000E+02    -3.5760202E-02     2.3403040E+01    -2.6291909E+00     1.4704564E+02
        0.8640       1.1573511E+00     1.0800000E+02    -3.6298223E-02     2.3388643E+01    -2.6671059E+00     1.4695518E+02
        0.8478       1.1795200E+00     1.1000000E+02    -3.6840133E-02     2.3374041E+01    -2.7052343E+00     1.4686343E+02
        0.8321       1.2017267E+00     1.1200000E+02    -3.7385799E-02     2.3359241E+01    -2.7435653E+00     1.4677045E+02
        0.8170       1.2239734E+00     1.1400000E+02    -3.7935574E-02     2.3344215E+01    -2.7821198E+00     1.4667604E+02
        0.8024       1.2462597E+00     1.1600000E+02    -3.8489237E-02     2.3328985E+01    -2.8208828E+00     1.4658034E+02
        0.7883       1.2685870E+00     1.1800000E+02    -3.9047290E-02     2.3313534E+01    -2.8598871E+00     1.4648326E+02
        0.7746       1.2909573E+00     1.2000000E+02    -3.9609514E-02     2.3297846E+01    -2.8991132E+00     1.4638469E+02
        0.7614       1.3133707E+00     1.2200000E+02    -4.0176068E-02     2.3281927E+01    -2.9385715E+00     1.4628467E+02
        0.7486       1.3358287E+00     1.2400000E+02    -4.0746816E-02     2.3265766E+01    -2.9782484E+00     1.4618312E+02
        0.7362       1.3583317E+00     1.2600000E+02    -4.1322049E-02     2.3249367E+01    -3.0181642E+00     1.4608008E+02
        0.7242       1.3808807E+00     1.2800000E+02    -4.1901495E-02     2.3232729E+01    -3.0582967E+00     1.4597554E+02
        0.7125       1.4034774E+00     1.3000000E+02    -4.2485375E-02     2.3215834E+01    -3.0986578E+00     1.4586938E+02
        0.7012       1.4261230E+00     1.3200000E+02    -4.3073639E-02     2.3198683E+01    -3.1392419E+00     1.4576163E+02
        0.6902       1.4488177E+00     1.3400000E+02    -4.3665953E-02     2.3181282E+01    -3.1800232E+00     1.4565230E+02
        0.6795       1.4715627E+00     1.3600000E+02    -4.4262696E-02     2.3163626E+01    -3.2210262E+00     1.4554135E+02
        0.6692       1.4943601E+00     1.3800000E+02    -4.4863857E-02     2.3145695E+01    -3.2622461E+00     1.4542870E+02
        0.6591       1.5172098E+00     1.4000000E+02    -4.5469094E-02     2.3127506E+01    -3.3036573E+00     1.4531441E+02
        0.6493       1.5401132E+00     1.4200000E+02    -4.6078589E-02     2.3109049E+01    -3.3452697E+00     1.4519844E+02
        0.6398       1.5630718E+00     1.4400000E+02    -4.6692234E-02     2.3090321E+01    -3.3870726E+00     1.4508076E+02
        0.6305       1.5860868E+00     1.4600000E+02    -4.7310073E-02     2.3071314E+01    -3.4290659E+00     1.4496135E+02
        0.6214       1.6091594E+00     1.4800000E+02    -4.7932189E-02     2.3052023E+01    -3.4712524E+00     1.4484013E+02
        0.6126       1.6322896E+00     1.5000000E+02    -4.8558053E-02     2.3032465E+01    -3.5135942E+00     1.4471725E+02
        0.6041       1.6554790E+00     1.5200000E+02    -4.9187928E-02     2.3012634E+01    -3.5561066E+00     1.4459265E+02
        0.5957       1.6787310E+00     1.5400000E+02    -4.9822062E-02     2.2992491E+01    -3.5987990E+00     1.4446608E+02
        0.5875       1.7020434E+00     1.5600000E+02    -5.0459936E-02     2.2972080E+01    -3.6416392E+00     1.4433784E+02
        0.5796       1.7254196E+00     1.5800000E+02    -5.1101658E-02     2.2951378E+01    -3.6846280E+00     1.4420776E+02
        0.5718       1.7488598E+00     1.6000000E+02    -5.1747154E-02     2.2930386E+01    -3.7277579E+00     1.4407587E+02
        0.5642       1.7723653E+00     1.6200000E+02    -5.2396502E-02     2.2909105E+01    -3.7710326E+00     1.4394215E+02
        0.5568       1.7959391E+00     1.6400000E+02    -5.3049736E-02     2.2887516E+01    -3.8144486E+00     1.4380650E+02
        0.5496       1.8195807E+00     1.6600000E+02    -5.3706523E-02     2.2865631E+01    -3.8579814E+00     1.4366901E+02
        0.5425       1.8432918E+00     1.6800000E+02    -5.4367185E-02     2.2843445E+01    -3.9016502E+00     1.4352960E+02
        0.5356       1.8670725E+00     1.7000000E+02    -5.5031210E-02     2.2820972E+01    -3.9454186E+00     1.4338840E+02
        0.5288       1.8909264E+00     1.7200000E+02    -5.5698961E-02     2.2798182E+01    -3.9893048E+00     1.4324521E+02
        0.5222       1.9148545E+00     1.7400000E+02    -5.6370314E-02     2.2775078E+01    -4.0332971E+00     1.4310004E+02
        0.5158       1.9388562E+00     1.7600000E+02    -5.7044938E-02     2.2751678E+01    -4.0773730E+00     1.4295302E+02
        0.5094       1.9629346E+00     1.7800000E+02    -5.7723008E-02     2.2727964E+01    -4.1215386E+00     1.4280402E+02
        0.5032       1.9870914E+00     1.8000000E+02    -5.8404602E-02     2.2703930E+01    -4.1657958E+00     1.4265300E+02
        0.4972       2.0113268E+00     1.8200000E+02    -5.9089422E-02     2.2679588E+01    -4.2101231E+00     1.4250006E+02
        0.4912       2.0356424E+00     1.8400000E+02    -5.9777334E-02     2.2654932E+01    -4.2545066E+00     1.4234514E+02
        0.4854       2.0600393E+00     1.8600000E+02    -6.0468487E-02     2.2629961E+01    -4.2989540E+00     1.4218825E+02
        0.4797       2.0845213E+00     1.8800000E+02    -6.1163068E-02     2.2604656E+01    -4.3434725E+00     1.4202925E+02
        0.4741       2.1090872E+00     1.9000000E+02    -6.1860640E-02     2.2579039E+01    -4.3880315E+00     1.4186829E+02
        0.4687       2.1337395E+00     1.9200000E+02    -6.2561192E-02     2.2553102E+01    -4.4326267E+00     1.4170532E+02
        0.4633       2.1584811E+00     1.9400000E+02    -6.3265041E-02     2.2526821E+01    -4.4772730E+00     1.4154019E+02
        0.4580       2.1833124E+00     1.9600000E+02    -6.3971914E-02     2.2500212E+01    -4.5219507E+00     1.4137300E+02
        0.4529       2.2082319E+00     1.9800000E+02    -6.4681351E-02     2.2473301E+01    -4.5666299E+00     1.4120392E+02
        0.4478       2.2332461E+00     2.0000000E+02    -6.5393887E-02     2.2446043E+01    -4.6113367E+00     1.4103265E+02
        0.4428       2.2583563E+00     2.0200000E+02    -6.6109560E-02     2.2418436E+01    -4.6560698E+00     1.4085919E+02
        0.4379       2.2835615E+00     2.0400000E+02    -6.6827774E-02     2.2390503E+01    -4.7007890E+00     1.4068369E+02
        0.4331       2.3088636E+00     2.0600000E+02    -6.7548618E-02     2.2362244E+01    -4.7454972E+00     1.4050612E+02
        0.4284       2.3342667E+00     2.0800000E+02    -6.8272419E-02     2.2333628E+01    -4.7902088E+00     1.4032632E+02
        0.4238       2.3597705E+00     2.1000000E+02    -6.8998784E-02     2.2304674E+01    -4.8348970E+00     1.4014441E+02
        0.4192       2.3853769E+00     2.1200000E+02    -6.9727577E-02     2.2275387E+01    -4.8795495E+00     1.3996039E+02
        0.4148       2.4110885E+00     2.1400000E+02    -7.0458986E-02     2.2245749E+01    -4.9241729E+00     1.3977417E+02
        0.4104       2.4369063E+00     2.1600000E+02    -7.1192771E-02     2.2215767E+01    -4.9687495E+00     1.3958578E+02
        0.4060       2.4628344E+00     2.1800000E+02    -7.1929187E-02     2.2185421E+01    -5.0132885E+00     1.3939511E+02
        0.4018       2.4888721E+00     2.2000000E+02    -7.2667822E-02     2.2154734E+01    -5.0577641E+00     1.3920230E+02
        0.3976       2.5150230E+00     2.2200000E+02    -7.3408760E-02     2.2123682E+01    -5.1021733E+00     1.3900720E+02
        0.3935       2.5412872E+00     2.2400000E+02    -7.4151687E-02     2.2092287E+01    -5.1464953E+00     1.3880994E+02
        0.3895       2.5676689E+00     2.2600000E+02    -7.4897066E-02     2.2060522E+01    -5.1907544E+00     1.3861035E+02
        0.3855       2.5941689E+00     2.2800000E+02    -7.5644389E-02     2.2028402E+01    -5.2349148E+00     1.3840854E+02
        0.3816       2.6207883E+00     2.3000000E+02    -7.6393560E-02     2.1995928E+01    -5.2789669E+00     1.3820450E+02
        0.3777       2.6475301E+00     2.3200000E+02    -7.7144660E-02     2.1963093E+01    -5.3229113E+00     1.3799818E+02
        0.3739       2.6743984E+00     2.3400000E+02    -7.7897795E-02     2.1929874E+01    -5.3667479E+00     1.3778947E+02
        0.3702       2.7013929E+00     2.3600000E+02    -7.8652561E-02     2.1896296E+01    -5.4104505E+00     1.3757849E+02
        0.3665       2.7285166E+00     2.3800000E+02    -7.9409048E-02     2.1862347E+01    -5.4540191E+00     1.3736517E+02
        0.3629       2.7557704E+00     2.4000000E+02    -8.0166973E-02     2.1828033E+01    -5.4974332E+00     1.3714958E+02
        0.3593       2.7831593E+00     2.4200000E+02    -8.0926538E-02     2.1793337E+01    -5.5406995E+00     1.3693158E+02
        0.3558       2.8106840E+00     2.4400000E+02    -8.1687525E-02     2.1758263E+01    -5.5837998E+00     1.3671120E+02
        0.3523       2.8383462E+00     2.4600000E+02    -8.2449846E-02     2.1722818E+01    -5.6267276E+00     1.3648849E+02
        0.3489       2.8661497E+00     2.4800000E+02    -8.3213247E-02     2.1686987E+01    -5.6694589E+00     1.3626337E+02
        0.3455       2.8940983E+00     2.5000000E+02    -8.3978198E-02     2.1650759E+01    -5.7120180E+00     1.3603574E+02
        0.3422       2.9221900E+00     2.5200000E+02    -8.4743820E-02     2.1614166E+01    -5.7543516E+00     1.3580582E+02
        0.3389       2.9504330E+00     2.5400000E+02    -8.5510604E-02     2.1577164E+01    -5.7964783E+00     1.3557332E+02
        0.3357       2.9788253E+00     2.5600000E+02    -8.6278059E-02     2.1539783E+01    -5.8383694E+00     1.3533846E+02
        0.3325       3.0073707E+00     2.5800000E+02    -8.7046221E-02     2.1502016E+01    -5.8800220E+00     1.3510115E+02
        0.3294       3.0360739E+00     2.6000000E+02    -8.7815106E-02     2.1463837E+01    -5.9214282E+00     1.3486127E+02
        0.3263       3.0649381E+00     2.6200000E+02    -8.8584624E-02     2.1425255E+01    -5.9625802E+00     1.3461885E+02
        0.3232       3.0939631E+00     2.6400000E+02    -8.9354388E-02     2.1386278E+01    -6.0034509E+00     1.3437395E+02
        0.3202       3.1231494E+00     2.6600000E+02    -9.0124063E-02     2.1346924E+01    -6.0440207E+00     1.3412668E+02
        0.3172       3.1525092E+00     2.6800000E+02    -9.0894312E-02     2.1307125E+01    -6.0843115E+00     1.3387662E+02
        0.3143       3.1820340E+00     2.7000000E+02    -9.1664061E-02     2.1266954E+01    -6.1242695E+00     1.3362422E+02
        0.3114       3.2117381E+00     2.7200000E+02    -9.2433937E-02     2.1226343E+01    -6.1639132E+00     1.3336905E+02
        0.3085       3.2416244E+00     2.7400000E+02    -9.3204036E-02     2.1185284E+01    -6.2032447E+00     1.3311107E+02
        0.3057       3.2716796E+00     2.7600000E+02    -9.3972705E-02     2.1143881E+01    -6.2421803E+00     1.3285092E+02
        0.3029       3.3019249E+00     2.7800000E+02    -9.4741195E-02     2.1102018E+01    -6.2807674E+00     1.3258789E+02
        0.3001       3.3323560E+00     2.8000000E+02    -9.5508754E-02     2.1059742E+01    -6.3189673E+00     1.3232227E+02
        0.2974       3.3629789E+00     2.8200000E+02    -9.6275397E-02     2.1017033E+01    -6.3567715E+00     1.3205391E+02
        0.2947       3.3937950E+00     2.8400000E+02    -9.7040839E-02     2.0973896E+01    -6.3941607E+00     1.3178288E+02
        0.2920       3.4248066E+00     2.8600000E+02    -9.7804740E-02     2.0930344E+01    -6.4311132E+00     1.3150923E+02
        0.2894       3.4560218E+00     2.8800000E+02    -9.8567344E-02     2.0886343E+01    -6.4676328E+00     1.3123277E+02
        0.2867       3.4874451E+00     2.9000000E+02    -9.9328443E-02     2.0841888E+01    -6.5037007E+00     1.3095345E+02
        0.2842       3.5190711E+00     2.9200000E+02    -1.0008706E-01     2.0797024E+01    -6.5392661E+00     1.3067155E+02
        0.2816       3.5509174E+00     2.9400000E+02    -1.0084418E-01     2.0751677E+01    -6.5743666E+00     1.3038663E+02
        0.2791       3.5829723E+00     2.9600000E+02    -1.0159819E-01     2.0705925E+01    -6.6089196E+00     1.3009917E+02
        0.2766       3.6152561E+00     2.9800000E+02    -1.0235027E-01     2.0659681E+01    -6.6429734E+00     1.2980861E+02
        0.2741       3.6477592E+00     3.0000000E+02    -1.0309889E-01     2.0613012E+01    -6.6764460E+00     1.2951538E+02