        0.9915       1.0085607E+00     1.0000000E+02    -1.3279170E-01     2.4851030E+01    -1.0367289E+01     1.5614363E+02
        0.9699       1.0310701E+00     1.0200000E+02    -1.3477854E-01     2.4794672E+01    -1.0498542E+01     1.5578952E+02
        0.9490       1.0537124E+00     1.0400000E+02    -1.3677447E-01     2.4737606E+01    -1.0629494E+01     1.5543097E+02
        0.9289       1.0764898E+00     1.0600000E+02    -1.3878013E-01     2.4679842E+01    -1.0760180E+01     1.5506802E+02
        0.9096       1.0994101E+00     1.0800000E+02    -1.4079808E-01     2.4621271E+01    -1.0890732E+01     1.5470001E+02
        0.8909       1.1224742E+00     1.1000000E+02    -1.4282872E-01     2.4561943E+01    -1.1021181E+01     1.5432724E+02
        0.8728       1.1456916E+00     1.1200000E+02    -1.4487386E-01     2.4501728E+01    -1.1151586E+01     1.5394890E+02
        0.8554       1.1690639E+00     1.1400000E+02    -1.4693202E-01     2.4440664E+01    -1.1281825E+01     1.5356523E+02
        0.8385       1.1925991E+00     1.1600000E+02    -1.4900681E-01     2.4378666E+01    -1.1412109E+01     1.5317567E+02
        0.8222       1.2163013E+00     1.1800000E+02    -1.5109651E-01     2.4315723E+01    -1.1542277E+01     1.5278020E+02
        0.8063       1.2401786E+00     1.2000000E+02    -1.5320331E-01     2.4251770E+01    -1.1672436E+01     1.5237837E+02
        0.7910       1.2642337E+00     1.2200000E+02    -1.5532455E-01     2.4186825E+01    -1.1802360E+01     1.5197031E+02
        0.7761       1.2884755E+00     1.2400000E+02    -1.5746272E-01     2.4120813E+01    -1.1932174E+01     1.5155554E+02
        0.7617       1.3129081E+00     1.2600000E+02    -1.5961672E-01     2.4053740E+01    -1.2061766E+01     1.5113411E+02
        0.7476       1.3375403E+00     1.2800000E+02    -1.6178724E-01     2.3985540E+01    -1.2191121E+01     1.5070560E+02
        0.7340       1.3623806E+00     1.3000000E+02    -1.6397426E-01     2.3916151E+01    -1.2320173E+01     1.5026961E+02
        0.7208       1.3874321E+00     1.3200000E+02    -1.6617714E-01     2.3845619E+01    -1.2448865E+01     1.4982645E+02
        0.7079       1.4127048E+00     1.3400000E+02    -1.6839536E-01     2.3773863E+01    -1.2577078E+01     1.4937560E+02
        0.6953       1.4382042E+00     1.3600000E+02    -1.7062825E-01     2.3700893E+01    -1.2704733E+01     1.4891711E+02
        0.6831       1.4639395E+00     1.3800000E+02    -1.7287575E-01     2.3626659E+01    -1.2831761E+01     1.4845068E+02
        0.6712       1.4899216E+00     1.4000000E+02    -1.7513771E-01     2.3551092E+01    -1.2958078E+01     1.4797588E+02
        0.6596       1.5161555E+00     1.4200000E+02    -1.7741352E-01     2.3474209E+01    -1.3083610E+01     1.4749281E+02
        0.6482       1.5426514E+00     1.4400000E+02    -1.7970154E-01     2.3395973E+01    -1.3208174E+01     1.4700124E+02
        0.6372       1.5694178E+00     1.4600000E+02    -1.8200120E-01     2.3316357E+01    -1.3331678E+01     1.4650099E+02
        0.6264       1.5964648E+00     1.4800000E+02    -1.8431166E-01     2.3235327E+01    -1.3454001E+01     1.4599187E+02
        0.6158       1.6238025E+00     1.5000000E+02    -1.8663265E-01     2.3152849E+01    -1.3575066E+01     1.4547365E+02
        0.6055       1.6514380E+00     1.5200000E+02    -1.8896037E-01     2.3068945E+01    -1.3694569E+01     1.4494646E+02
        0.5955       1.6793892E+00     1.5400000E+02    -1.9129695E-01     2.2983479E+01    -1.3812544E+01     1.4440945E+02
        0.5856       1.7076582E+00     1.5600000E+02    -1.9363795E-01     2.2896549E+01    -1.3928694E+01     1.4386327E+02
        0.5759       1.7362664E+00     1.5800000E+02    -1.9598408E-01     2.2807997E+01    -1.4042933E+01     1.4330687E+02
        0.5665       1.7652174E+00     1.6000000E+02    -1.9833182E-01     2.2717897E+01    -1.4155018E+01     1.4274077E+02
        0.5572       1.7945303E+00     1.6200000E+02    -2.0068082E-01     2.2626146E+01    -1.4264822E+01     1.4216428E+02
        0.5482       1.8242146E+00     1.6400000E+02    -2.0302795E-01     2.2532755E+01    -1.4372093E+01     1.4157748E+02
        0.5393       1.8542850E+00     1.6600000E+02    -2.0537092E-01     2.2437685E+01    -1.4476610E+01     1.4098013E+02
        0.5306       1.8847550E+00     1.6800000E+02    -2.0770715E-01     2.2340906E+01    -1.4578140E+01     1.4037206E+02
        0.5220       1.9156379E+00     1.7000000E+02    -2.1003333E-01     2.2242413E+01    -1.4676415E+01     1.3975320E+02
        0.5136       1.9469596E+00     1.7200000E+02    -2.1234916E-01     2.2142052E+01    -1.4771286E+01     1.3912262E+02
        0.5054       1.9787215E+00     1.7400000E+02    -2.1464671E-01     2.2039970E+01    -1.4862269E+01     1.3848122E+02
        0.4973       2.0109563E+00     1.7600000E+02    -2.1692665E-01     2.1935949E+01    -1.4949244E+01     1.3782764E+02
        0.4893       2.0436683E+00     1.7800000E+02    -2.1918048E-01     2.1830114E+01    -1.5031689E+01     1.3716266E+02
        0.4815       2.0768840E+00     1.8000000E+02    -2.2140644E-01     2.1722342E+01    -1.5109385E+01     1.3648550E+02
        0.4738       2.1106205E+00     1.8200000E+02    -2.2359839E-01     2.1612631E+01    -1.5181903E+01     1.3579617E+02
        0.4662       2.1448994E+00     1.8400000E+02    -2.2575159E-01     2.1500933E+01    -1.5248882E+01     1.3509435E+02
        0.4588       2.1797392E+00     1.8600000E+02    -2.2785878E-01     2.1387241E+01    -1.5309833E+01     1.3438000E+02
        0.4514       2.2151675E+00     1.8800000E+02    -2.2991408E-01     2.1271479E+01    -1.5364313E+01     1.3365265E+02
        0.4442       2.2512023E+00     1.9000000E+02    -2.3190889E-01     2.1153658E+01    -1.5411778E+01     1.3291235E+02
        0.4371       2.2878661E+00     1.9200000E+02    -2.3383400E-01     2.1033766E+01    -1.5451640E+01     1.3215906E+02
        0.4301       2.3251934E+00     1.9400000E+02    -2.3568276E-01     2.0911686E+01    -1.5483414E+01     1.3139200E+02
        0.4232       2.3632033E+00     1.9600000E+02    -2.3744230E-01     2.0787460E+01    -1.5506343E+01     1.3061147E+02
        0.4163       2.4019203E+00     1.9800000E+02    -2.3910019E-01     2.0661077E+01    -1.5519680E+01     1.2981738E+02
        0.4096       2.4413776E+00     2.0000000E+02    -2.4064462E-01     2.0532480E+01    -1.5522707E+01     1.2900938E+02
        0.4030       2.4816017E+00     2.0200000E+02    -2.4206130E-01     2.0401669E+01    -1.5514613E+01     1.2818747E+02
        0.3964       2.5226262E+00     2.0400000E+02    -2.4333438E-01     2.0268597E+01    -1.5494481E+01     1.2735135E+02
        0.3899       2.5644732E+00     2.0600000E+02    -2.4444434E-01     2.0133324E+01    -1.5461276E+01     1.2650140E+02
        0.3836       2.6071751E+00     2.0800000E+02    -2.4537152E-01     1.9995836E+01    -1.5413938E+01     1.2563754E+02
        0.3772       2.6507642E+00     2.1000000E+02    -2.4609494E-01     1.9856129E+01    -1.5351371E+01     1.2475974E+02
        0.3710       2.6952577E+00     2.1200000E+02    -2.4658576E-01     1.9714329E+01    -1.5272139E+01     1.2386878E+02
        0.3649       2.7406979E+00     2.1400000E+02    -2.4682155E-01     1.9570370E+01    -1.5175116E+01     1.2296426E+02
        0.3588       2.7871041E+00     2.1600000E+02    -2.4677034E-01     1.9424372E+01    -1.5058781E+01     1.2204693E+02
        0.3528       2.8344946E+00     2.1800000E+02    -2.4639840E-01     1.9276459E+01    -1.4921587E+01     1.2111756E+02
        0.3469       2.8828890E+00     2.2000000E+02    -2.4566868E-01     1.9126749E+01    -1.4761851E+01     1.2017691E+02
        0.3410       2.9323082E+00     2.2200000E+02    -2.4454550E-01     1.8975348E+01    -1.4578046E+01     1.1922563E+02
        0.3353       2.9827425E+00     2.2400000E+02    -2.4298151E-01     1.8822557E+01    -1.4368180E+01     1.1826562E+02
        0.3296       3.0342052E+00     2.2600000E+02    -2.4093865E-01     1.8668518E+01    -1.4130783E+01     1.1729777E+02
        0.3240       3.0866721E+00     2.2800000E+02    -2.3836637E-01     1.8513596E+01    -1.3863907E+01     1.1632436E+02
        0.3185       3.1401033E+00     2.3000000E+02    -2.3521431E-01     1.8358208E+01    -1.3565754E+01     1.1534803E+02
        0.3130       3.1944721E+00     2.3200000E+02    -2.3144254E-01     1.8202677E+01    -1.3235134E+01     1.1437080E+02
        0.3077       3.2497094E+00     2.3400000E+02    -2.2700514E-01     1.8047529E+01    -1.2870734E+01     1.1339597E+02
        0.3025       3.3057258E+00     2.3600000E+02    -2.2185880E-01     1.7893347E+01    -1.2471483E+01     1.1242722E+02
        0.2974       3.3624272E+00     2.3800000E+02    -2.1597765E-01     1.7740688E+01    -1.2037302E+01     1.1146803E+02
        0.2924       3.4196906E+00     2.4000000E+02    -2.0934083E-01     1.7590202E+01    -1.1568437E+01     1.1052251E+02
        0.2876       3.4773757E+00     2.4200000E+02    -2.0193829E-01     1.7442558E+01    -1.1065696E+01     1.0959483E+02
        0.2829       3.5353396E+00     2.4400000E+02    -1.9378431E-01     1.7298367E+01    -1.0531096E+01     1.0868884E+02
        0.2783       3.5934277E+00     2.4600000E+02    -1.8490179E-01     1.7158236E+01    -9.9669809E+00     1.0780838E+02
        0.2739       3.6514931E+00     2.4800000E+02    -1.7533709E-01     1.7022667E+01    -9.3767271E+00     1.0695657E+02
        0.2696       3.7093997E+00     2.5000000E+02    -1.6515130E-01     1.6892065E+01    -8.7642469E+00     1.0613598E+02
        0.2655       3.7670293E+00     2.5200000E+02    -1.5442243E-01     1.6766714E+01    -8.1340761E+00     1.0534837E+02
        0.2615       3.8242774E+00     2.5400000E+02    -1.4320904E-01     1.6646799E+01    -7.4894691E+00     1.0459492E+02
        0.2577       3.8810899E+00     2.5600000E+02    -1.3162854E-01     1.6532278E+01    -6.8364816E+00     1.0387537E+02
        0.2540       3.9374125E+00     2.5800000E+02    -1.1974443E-01     1.6423103E+01    -6.1781778E+00     1.0318940E+02
        0.2504       3.9932327E+00     2.6000000E+02    -1.0764614E-01     1.6319059E+01    -5.5187850E+00     1.0253568E+02
        0.2470       4.0485477E+00     2.6200000E+02    -9.5400400E-02     1.6219910E+01    -4.8612561E+00     1.0191270E+02
        0.2437       4.1033854E+00     2.6400000E+02    -8.3090052E-02     1.6125307E+01    -4.2092714E+00     1.0131830E+02
        0.2405       4.1577754E+00     2.6600000E+02    -7.0759110E-02     1.6034927E+01    -3.5645053E+00     1.0075043E+02
        0.2374       4.2117577E+00     2.6800000E+02    -5.8453701E-02     1.5948425E+01    -2.9287326E+00     1.0020692E+02
        0.2344       4.2653804E+00     2.7000000E+02    -4.6213612E-02     1.5865451E+01    -2.3034151E+00     9.9685570E+01
        0.2316       4.3187003E+00     2.7200000E+02    -3.4089748E-02     1.5785642E+01    -1.6905807E+00     9.9184113E+01
        0.2287       4.3717690E+00     2.7400000E+02    -2.2093996E-02     1.5708682E+01    -1.0903449E+00     9.8700562E+01
        0.2260       4.4246330E+00     2.7600000E+02    -1.0241427E-02     1.5634292E+01    -5.0302380E-01     9.8233154E+01
        0.2233       4.4773445E+00     2.7800000E+02     1.4529316E-03     1.5562189E+01     7.1033910E-02     9.7780121E+01
        0.2208       4.5299540E+00     2.8000000E+02     1.2968003E-02     1.5492113E+01     6.3115156E-01     9.7339821E+01
        0.2182       4.5825047E+00     2.8200000E+02     2.4308234E-02     1.5423842E+01     1.1778660E+00     9.6910866E+01
        0.2157       4.6350393E+00     2.8400000E+02     3.5460666E-02     1.5357174E+01     1.7108347E+00     9.6491974E+01
        0.2133       4.6876016E+00     2.8600000E+02     4.6419535E-02     1.5291909E+01     2.2300386E+00     9.6081902E+01
        0.2110       4.7402272E+00     2.8800000E+02     5.7188943E-02     1.5227890E+01     2.7359092E+00     9.5679657E+01
        0.2086       4.7929535E+00     2.9000000E+02     6.7768112E-02     1.5164957E+01     3.2286165E+00     9.5284241E+01
        0.2064       4.8458037E+00     2.9200000E+02     7.8161970E-02     1.5103007E+01     3.7085900E+00     9.4894997E+01
        0.2041       4.8988156E+00     2.9400000E+02     8.8363484E-02     1.5041898E+01     4.1756620E+00     9.4511032E+01
        0.2019       4.9520288E+00     2.9600000E+02     9.8359652E-02     1.4981487E+01     4.6293688E+00     9.4131462E+01
        0.1998       5.0054388E+00     2.9800000E+02     1.0820075E-01     1.4921776E+01     5.0722504E+00     9.3756287E+01
        0.1977       5.0590959E+00     3.0000000E+02     1.1785239E-01     1.4862599E+01     5.5027914E+00     9.3384468E+01