        1.3620       7.3423517E-01     1.0000000E+02     2.3400158E-14     3.4135887E+01     2.5094577E-12     2.1448212E+02
        1.3353       7.4891996E-01     1.0200000E+02    -8.5117096E-15     3.4135887E+01    -9.1280477E-13     2.1448212E+02
        1.3096       7.6360458E-01     1.0400000E+02    -1.0804573E-14     3.4135887E+01    -1.1586938E-12     2.1448212E+02
        1.2849       7.7828932E-01     1.0600000E+02     1.4132979E-14     3.4135887E+01     1.5156357E-12     2.1448212E+02
        1.2611       7.9297400E-01     1.0800000E+02     1.4400328E-14     3.4135887E+01     1.5443063E-12     2.1448212E+02
        1.2381       8.0765867E-01     1.1000000E+02     1.1454057E-14     3.4135887E+01     1.2283452E-12     2.1448212E+02
        1.2160       8.2234347E-01     1.1200000E+02    -1.5961409E-14     3.4135887E+01    -1.7117184E-12     2.1448212E+02
        1.1947       8.3702815E-01     1.1400000E+02     1.7456753E-14     3.4135887E+01     1.8720806E-12     2.1448212E+02
        1.1741       8.5171282E-01     1.1600000E+02    -1.4123721E-14     3.4135887E+01    -1.5146428E-12     2.1448212E+02
        1.1542       8.6639750E-01     1.1800000E+02    -5.5602398E-15     3.4135887E+01    -5.9628599E-13     2.1448212E+02
        1.1350       8.8108224E-01     1.2000000E+02    -9.5253539E-15     3.4135887E+01    -1.0215090E-12     2.1448212E+02
        1.1164       8.9576691E-01     1.2200000E+02    -8.1575532E-15     3.4135887E+01    -8.7482463E-13     2.1448212E+02
        1.0984       9.1045159E-01     1.2400000E+02     2.0289107E-14     3.4135887E+01     2.1758253E-12     2.1448212E+02
        1.0809       9.2513633E-01     1.2600000E+02    -5.9208238E-15     3.4135887E+01    -6.3495541E-13     2.1448212E+02
        1.0640       9.3982106E-01     1.2800000E+02     1.7039647E-14     3.4135887E+01     1.8273497E-12     2.1448212E+02
        1.0477       9.5450562E-01     1.3000000E+02    -2.6704725E-15     3.4135887E+01    -2.8638431E-13     2.1448212E+02
        1.0318       9.6919048E-01     1.3200000E+02     1.5561781E-15     3.4135887E+01     1.6688619E-13     2.1448212E+02
        1.0164       9.8387516E-01     1.3400000E+02     8.4098649E-15     3.4135887E+01     9.0188279E-13     2.1448212E+02
        1.0014       9.9855977E-01     1.3600000E+02     9.5105528E-15     3.4135887E+01     1.0199218E-12     2.1448212E+02
        0.9869       1.0132445E+00     1.3800000E+02     6.7203149E-15     3.4135887E+01     7.2069369E-13     2.1448212E+02
        0.9728       1.0279293E+00     1.4000000E+02    -6.7048053E-15     3.4135887E+01    -7.1903041E-13     2.1448212E+02
        0.9591       1.0426140E+00     1.4200000E+02    -5.7946934E-15     3.4135887E+01    -6.2142907E-13     2.1448212E+02
        0.9458       1.0572987E+00     1.4400000E+02    -5.1479537E-15     3.4135887E+01    -5.5207201E-13     2.1448212E+02
        0.9329       1.0719833E+00     1.4600000E+02     3.7064074E-15     3.4135887E+01     3.9747903E-13     2.1448212E+02
        0.9202       1.0866680E+00     1.4800000E+02     3.5546034E-15     3.4135887E+01     3.8119944E-13     2.1448212E+02
        0.9080       1.1013528E+00     1.5000000E+02     4.1209703E-15     3.4135887E+01     4.4193723E-13     2.1448212E+02
        0.8960       1.1160375E+00     1.5200000E+02    -5.6822515E-15     3.4135887E+01    -6.0937068E-13     2.1448212E+02
        0.8844       1.1307222E+00     1.5400000E+02    -5.8553744E-15     3.4135887E+01    -6.2793656E-13     2.1448212E+02
        0.8731       1.1454068E+00     1.5600000E+02    -1.0004958E-15     3.4135887E+01    -1.0729423E-13     2.1448212E+02
        0.8620       1.1600918E+00     1.5800000E+02     1.0343946E-14     3.4135887E+01     1.1092957E-12     2.1448212E+02
        0.8512       1.1747763E+00     1.6000000E+02    -1.0665990E-14     3.4135887E+01    -1.1438321E-12     2.1448212E+02
        0.8407       1.1894610E+00     1.6200000E+02     2.0486146E-15     3.4135887E+01     2.1969560E-13     2.1448212E+02
        0.8305       1.2041457E+00     1.6400000E+02    -4.3827869E-15     3.4135887E+01    -4.7001471E-13     2.1448212E+02
        0.8205       1.2188305E+00     1.6600000E+02     5.4984441E-15     3.4135887E+01     5.8965896E-13     2.1448212E+02
        0.8107       1.2335150E+00     1.6800000E+02     1.3436202E-14     3.4135887E+01     1.4409125E-12     2.1448212E+02
        0.8012       1.2481998E+00     1.7000000E+02    -6.4660191E-15     3.4135887E+01    -6.9342275E-13     2.1448212E+02
        0.7918       1.2628845E+00     1.7200000E+02     8.3145728E-15     3.4135887E+01     8.9166359E-13     2.1448212E+02
        0.7827       1.2775693E+00     1.7400000E+02     1.5732990E-15     3.4135887E+01     1.6872225E-13     2.1448212E+02
        0.7738       1.2922539E+00     1.7600000E+02    -4.1748492E-15     3.4135887E+01    -4.4771524E-13     2.1448212E+02
        0.7651       1.3069385E+00     1.7800000E+02     5.7304824E-15     3.4135887E+01     6.1454298E-13     2.1448212E+02
        0.7566       1.3216233E+00     1.8000000E+02     5.0940197E-15     3.4135887E+01     5.4628806E-13     2.1448212E+02
        0.7483       1.3363080E+00     1.8200000E+02    -1.5133529E-14     3.4135887E+01    -1.6229357E-12     2.1448212E+02
        0.7402       1.3509928E+00     1.8400000E+02     1.8098565E-14     3.4135887E+01     1.9409092E-12     2.1448212E+02
        0.7322       1.3656775E+00     1.8600000E+02    -2.0368046E-15     3.4135887E+01    -2.1842908E-13     2.1448212E+02
        0.7244       1.3803622E+00     1.8800000E+02     9.4082719E-15     3.4135887E+01     1.0089530E-12     2.1448212E+02
        0.7168       1.3950467E+00     1.9000000E+02    -5.7692415E-16     3.4135887E+01    -6.1869956E-14     2.1448212E+02
        0.7094       1.4097316E+00     1.9200000E+02     3.0758691E-15     3.4135887E+01     3.2985946E-13     2.1448212E+02
        0.7020       1.4244162E+00     1.9400000E+02     1.1007001E-14     3.4135887E+01     1.1804025E-12     2.1448212E+02
        0.6949       1.4391010E+00     1.9600000E+02    -5.2656104E-15     3.4135887E+01    -5.6468963E-13     2.1448212E+02
        0.6879       1.4537857E+00     1.9800000E+02    -4.6545358E-15     3.4135887E+01    -4.9915736E-13     2.1448212E+02
        0.6810       1.4684703E+00     2.0000000E+02     2.3592656E-15     3.4135887E+01     2.5301015E-13     2.1448212E+02
        0.6742       1.4831551E+00     2.0200000E+02     2.3777420E-15     3.4135887E+01     2.5499156E-13     2.1448212E+02
        0.6676       1.4978399E+00     2.0400000E+02    -6.1313848E-15     3.4135887E+01    -6.5753620E-13     2.1448212E+02
        0.6611       1.5125245E+00     2.0600000E+02     7.3772557E-16     3.4135887E+01     7.9114470E-14     2.1448212E+02
        0.6548       1.5272092E+00     2.0800000E+02    -1.0815056E-15     3.4135887E+01    -1.1598181E-13     2.1448212E+02
        0.6486       1.5418938E+00     2.1000000E+02    -4.0740675E-15     3.4135887E+01    -4.3690732E-13     2.1448212E+02
        0.6424       1.5565786E+00     2.1200000E+02     9.8490314E-15     3.4135887E+01     1.0562205E-12     2.1448212E+02
        0.6364       1.5712633E+00     2.1400000E+02    -6.7025792E-14     3.4135887E+01    -7.1879165E-12     2.1448212E+02
        0.6305       1.5859480E+00     2.1600000E+02    -1.4196027E-14     3.4135887E+01    -1.5223969E-12     2.1448212E+02
        0.6248       1.6006327E+00     2.1800000E+02    -1.8718880E-15     3.4135887E+01    -2.0074324E-13     2.1448212E+02
        0.6191       1.6153173E+00     2.2000000E+02     2.6369850E-14     3.4135887E+01     2.8279306E-12     2.1448212E+02
        0.6135       1.6300021E+00     2.2200000E+02    -8.2451818E-16     3.4135887E+01    -8.8422203E-14     2.1448212E+02
        0.6080       1.6446869E+00     2.2400000E+02     5.7197726E-16     3.4135887E+01     6.1339449E-14     2.1448212E+02
        0.6026       1.6593715E+00     2.2600000E+02     4.4394850E-14     3.4135887E+01     4.7609507E-12     2.1448212E+02
        0.5974       1.6740563E+00     2.2800000E+02     1.8968583E-15     3.4135887E+01     2.0342110E-13     2.1448212E+02
        0.5922       1.6887410E+00     2.3000000E+02     5.4929074E-15     3.4135887E+01     5.8906520E-13     2.1448212E+02
        0.5871       1.7034256E+00     2.3200000E+02    -5.0608413E-16     3.4135887E+01    -5.4272999E-14     2.1448212E+02
        0.5820       1.7181104E+00     2.3400000E+02    -5.2431767E-15     3.4135887E+01    -5.6228383E-13     2.1448212E+02
        0.5771       1.7327950E+00     2.3600000E+02     2.1839677E-15     3.4135887E+01     2.3421101E-13     2.1448212E+02
        0.5723       1.7474798E+00     2.3800000E+02    -4.4352466E-15     3.4135887E+01    -4.7564052E-13     2.1448212E+02
        0.5675       1.7621645E+00     2.4000000E+02    -9.0349837E-15     3.4135887E+01    -9.6892123E-13     2.1448212E+02
        0.5628       1.7768492E+00     2.4200000E+02    -8.1625399E-16     3.4135887E+01    -8.7535942E-14     2.1448212E+02
        0.5582       1.7915338E+00     2.4400000E+02     3.5753570E-15     3.4135887E+01     3.8342509E-13     2.1448212E+02
        0.5536       1.8062187E+00     2.4600000E+02    -1.6367794E-15     3.4135887E+01    -1.7552995E-13     2.1448212E+02
        0.5492       1.8209032E+00     2.4800000E+02    -6.6211679E-17     3.4135887E+01    -7.1006107E-15     2.1448212E+02
        0.5448       1.8355879E+00     2.5000000E+02    -4.9185391E-15     3.4135887E+01    -5.2746934E-13     2.1448212E+02
        0.5405       1.8502727E+00     2.5200000E+02    -1.3193111E-15     3.4135887E+01    -1.4148432E-13     2.1448212E+02
        0.5362       1.8649573E+00     2.5400000E+02    -1.6796555E-15     3.4135887E+01    -1.8012803E-13     2.1448212E+02
        0.5320       1.8796421E+00     2.5600000E+02    -1.0667862E-15     3.4135887E+01    -1.1440328E-13     2.1448212E+02
        0.5279       1.8943269E+00     2.5800000E+02     4.5231669E-15     3.4135887E+01     4.8506923E-13     2.1448212E+02
        0.5238       1.9090112E+00     2.6000000E+02    -4.1770358E-15     3.4135887E+01    -4.4794976E-13     2.1448212E+02
        0.5198       1.9236962E+00     2.6200000E+02    -4.9140955E-15     3.4135887E+01    -5.2699278E-13     2.1448212E+02
        0.5159       1.9383810E+00     2.6400000E+02    -4.4005087E-16     3.4135887E+01    -4.7191522E-14     2.1448212E+02
        0.5120       1.9530655E+00     2.6600000E+02    -2.0031986E-15     3.4135887E+01    -2.1482513E-13     2.1448212E+02
        0.5082       1.9677503E+00     2.6800000E+02     2.1042801E-15     3.4135887E+01     2.2566523E-13     2.1448212E+02
        0.5044       1.9824350E+00     2.7000000E+02    -1.8496966E-15     3.4135887E+01    -1.9836341E-13     2.1448212E+02
        0.5007       1.9971195E+00     2.7200000E+02    -1.8693729E-15     3.4135887E+01    -2.0047354E-13     2.1448212E+02
        0.4971       2.0118043E+00     2.7400000E+02    -2.0378408E-15     3.4135887E+01    -2.1854021E-13     2.1448212E+02
        0.4935       2.0264890E+00     2.7600000E+02     2.0894045E-15     3.4135887E+01     2.2406996E-13     2.1448212E+02
        0.4899       2.0411739E+00     2.7800000E+02    -7.4259201E-15     3.4135887E+01    -7.9636357E-13     2.1448212E+02
        0.4864       2.0558586E+00     2.8000000E+02    -2.7555824E-16     3.4135887E+01    -2.9551157E-14     2.1448212E+02
        0.4830       2.0705433E+00     2.8200000E+02     7.0349690E-15     3.4135887E+01     7.5443753E-13     2.1448212E+02
        0.4796       2.0852280E+00     2.8400000E+02     1.8507693E-15     3.4135887E+01     1.9847847E-13     2.1448212E+02
        0.4762       2.0999126E+00     2.8600000E+02    -2.7121256E-15     3.4135887E+01    -2.9085122E-13     2.1448212E+02
        0.4729       2.1145973E+00     2.8800000E+02    -2.5432056E-15     3.4135887E+01    -2.7273607E-13     2.1448212E+02
        0.4696       2.1292820E+00     2.9000000E+02     7.6797153E-16     3.4135887E+01     8.2358077E-14     2.1448212E+02
        0.4664       2.1439667E+00     2.9200000E+02     3.6343926E-15     3.4135887E+01     3.8975610E-13     2.1448212E+02
        0.4633       2.1586514E+00     2.9400000E+02    -1.9765739E-16     3.4135887E+01    -2.1196988E-14     2.1448212E+02
        0.4601       2.1733360E+00     2.9600000E+02    -2.0200582E-15     3.4135887E+01    -2.1663318E-13     2.1448212E+02
        0.4570       2.1880209E+00     2.9800000E+02    -4.2168066E-15     3.4135887E+01    -4.5221479E-13     2.1448212E+02
        0.4540       2.2027056E+00     3.0000000E+02    -8.6638878E-17     3.4135887E+01    -9.2912450E-15     2.1448212E+02
