        1.3620       7.3423517E-01     1.0000000E+02    -5.9669045E-15     3.4135887E+01    -6.3989715E-13     2.1448212E+02
        1.3353       7.4891996E-01     1.0200000E+02    -4.9699307E-15     3.4135887E+01    -5.3298061E-13     2.1448212E+02
        1.3096       7.6360458E-01     1.0400000E+02     2.3551836E-14     3.4135887E+01     2.5257238E-12     2.1448212E+02
        1.2849       7.7828932E-01     1.0600000E+02    -5.8189092E-15     3.4135887E+01    -6.2402600E-13     2.1448212E+02
        1.2611       7.9297400E-01     1.0800000E+02    -1.9863484E-15     3.4135887E+01    -2.1301811E-13     2.1448212E+02
        1.2381       8.0765867E-01     1.1000000E+02    -2.0348591E-16     3.4135887E+01    -2.1822045E-14     2.1448212E+02
        1.2160       8.2234347E-01     1.1200000E+02     2.9044770E-15     3.4135887E+01     3.1147920E-13     2.1448212E+02
        1.1947       8.3702815E-01     1.1400000E+02    -5.5596083E-15     3.4135887E+01    -5.9621828E-13     2.1448212E+02
        1.1741       8.5171282E-01     1.1600000E+02     1.7449348E-15     3.4135887E+01     1.8712865E-13     2.1448212E+02
        1.1542       8.6639750E-01     1.1800000E+02    -5.4064283E-15     3.4135887E+01    -5.7979110E-13     2.1448212E+02
        1.1350       8.8108224E-01     1.2000000E+02     1.1807753E-14     3.4135887E+01     1.2662759E-12     2.1448212E+02
        1.1164       8.9576691E-01     1.2200000E+02    -7.8404825E-15     3.4135887E+01    -8.4082166E-13     2.1448212E+02
        1.0984       9.1045159E-01     1.2400000E+02    -4.2856453E-16     3.4135887E+01    -4.5959713E-14     2.1448212E+02
        1.0809       9.2513633E-01     1.2600000E+02    -1.0249126E-15     3.4135887E+01    -1.0991271E-13     2.1448212E+02
        1.0640       9.3982106E-01     1.2800000E+02    -3.4260592E-14     3.4135887E+01    -3.6741422E-12     2.1448212E+02
        1.0477       9.5450562E-01     1.3000000E+02    -1.8384218E-14     3.4135887E+01    -1.9715429E-12     2.1448212E+02
        1.0318       9.6919048E-01     1.3200000E+02     2.6134399E-14     3.4135887E+01     2.8026806E-12     2.1448212E+02
        1.0164       9.8387516E-01     1.3400000E+02     1.2085116E-14     3.4135887E+01     1.2960207E-12     2.1448212E+02
        1.0014       9.9855977E-01     1.3600000E+02     1.1905571E-14     3.4135887E+01     1.2767660E-12     2.1448212E+02
        0.9869       1.0132445E+00     1.3800000E+02    -2.9966749E-15     3.4135887E+01    -3.2136658E-13     2.1448212E+02
        0.9728       1.0279293E+00     1.4000000E+02    -7.7590791E-16     3.4135887E+01    -8.3209183E-14     2.1448212E+02
        0.9591       1.0426140E+00     1.4200000E+02    -8.2810523E-15     3.4135887E+01    -8.8806881E-13     2.1448212E+02
        0.9458       1.0572987E+00     1.4400000E+02     2.8129578E-14     3.4135887E+01     3.0166457E-12     2.1448212E+02
        0.9329       1.0719833E+00     1.4600000E+02     4.1220899E-14     3.4135887E+01     4.4205728E-12     2.1448212E+02
        0.9202       1.0866680E+00     1.4800000E+02     9.7980483E-16     3.4135887E+01     1.0507531E-13     2.1448212E+02
        0.9080       1.1013528E+00     1.5000000E+02     8.6024717E-15     3.4135887E+01     9.2253820E-13     2.1448212E+02
        0.8960       1.1160375E+00     1.5200000E+02    -6.7568581E-15     3.4135887E+01    -7.2461259E-13     2.1448212E+02
        0.8844       1.1307222E+00     1.5400000E+02    -2.1582794E-14     3.4135887E+01    -2.3145617E-12     2.1448212E+02
        0.8731       1.1454068E+00     1.5600000E+02    -8.9050090E-15     3.4135887E+01    -9.5498262E-13     2.1448212E+02
        0.8620       1.1600918E+00     1.5800000E+02     6.4201616E-15     3.4135887E+01     6.8850492E-13     2.1448212E+02
        0.8512       1.1747763E+00     1.6000000E+02    -3.1192736E-15     3.4135887E+01    -3.3451421E-13     2.1448212E+02
        0.8407       1.1894610E+00     1.6200000E+02    -1.7497448E-14     3.4135887E+01    -1.8764447E-12     2.1448212E+02
        0.8305       1.2041457E+00     1.6400000E+02    -3.5291136E-14     3.4135887E+01    -3.7846588E-12     2.1448212E+02
        0.8205       1.2188305E+00     1.6600000E+02     2.7799894E-15     3.4135887E+01     2.9812901E-13     2.1448212E+02
        0.8107       1.2335150E+00     1.6800000E+02    -7.0957861E-13     3.4135887E+01    -7.6095963E-11     2.1448212E+02
        0.8012       1.2481998E+00     1.7000000E+02     1.5225238E-15     3.4135887E+01     1.6327707E-13     2.1448212E+02
        0.7918       1.2628845E+00     1.7200000E+02    -8.6192701E-15     3.4135887E+01    -9.2433960E-13     2.1448212E+02
        0.7827       1.2775693E+00     1.7400000E+02    -1.5908885E-14     3.4135887E+01    -1.7060857E-12     2.1448212E+02
        0.7738       1.2922539E+00     1.7600000E+02     6.1232414E-16     3.4135887E+01     6.5666290E-14     2.1448212E+02
        0.7651       1.3069385E+00     1.7800000E+02    -1.8265278E-14     3.4135887E+01    -1.9587877E-12     2.1448212E+02
        0.7566       1.3216233E+00     1.8000000E+02     1.3358150E-14     3.4135887E+01     1.4325421E-12     2.1448212E+02
        0.7483       1.3363080E+00     1.8200000E+02     3.4328839E-15     3.4135887E+01     3.6814611E-13     2.1448212E+02
        0.7402       1.3509928E+00     1.8400000E+02     1.1932255E-14     3.4135887E+01     1.2796277E-12     2.1448212E+02
        0.7322       1.3656775E+00     1.8600000E+02     9.0277907E-15     3.4135887E+01     9.6814982E-13     2.1448212E+02
        0.7244       1.3803622E+00     1.8800000E+02    -1.9305014E-14     3.4135887E+01    -2.0702901E-12     2.1448212E+02
        0.7168       1.3950467E+00     1.9000000E+02     7.4348164E-15     3.4135887E+01     7.9731762E-13     2.1448212E+02
        0.7094       1.4097316E+00     1.9200000E+02     6.0625229E-16     3.4135887E+01     6.5015139E-14     2.1448212E+02
        0.7020       1.4244162E+00     1.9400000E+02    -2.8720837E-14     3.4135887E+01    -3.0800529E-12     2.1448212E+02
        0.6949       1.4391010E+00     1.9600000E+02    -5.7850809E-15     3.4135887E+01    -6.2039821E-13     2.1448212E+02
        0.6879       1.4537857E+00     1.9800000E+02    -1.4245124E-14     3.4135887E+01    -1.5276621E-12     2.1448212E+02
        0.6810       1.4684703E+00     2.0000000E+02    -1.2386468E-14     3.4135887E+01    -1.3283379E-12     2.1448212E+02
        0.6742       1.4831551E+00     2.0200000E+02     9.4266561E-16     3.4135887E+01     1.0109246E-13     2.1448212E+02
        0.6676       1.4978399E+00     2.0400000E+02     1.0924335E-15     3.4135887E+01     1.1715372E-13     2.1448212E+02
        0.6611       1.5125245E+00     2.0600000E+02    -3.0807564E-15     3.4135887E+01    -3.3038359E-13     2.1448212E+02
        0.6548       1.5272092E+00     2.0800000E+02    -2.5387877E-15     3.4135887E+01    -2.7226227E-13     2.1448212E+02
        0.6486       1.5418938E+00     2.1000000E+02    -2.0403552E-15     3.4135887E+01    -2.1880985E-13     2.1448212E+02
        0.6424       1.5565786E+00     2.1200000E+02    -4.8180204E-15     3.4135887E+01    -5.1668961E-13     2.1448212E+02
        0.6364       1.5712633E+00     2.1400000E+02    -1.6570634E-14     3.4135887E+01    -1.7770524E-12     2.1448212E+02
        0.6305       1.5859480E+00     2.1600000E+02     1.5444745E-14     3.4135887E+01     1.6563107E-12     2.1448212E+02
        0.6248       1.6006327E+00     2.1800000E+02    -1.5699508E-14     3.4135887E+01    -1.6836320E-12     2.1448212E+02
        0.6191       1.6153173E+00     2.2000000E+02     7.9419342E-15     3.4135887E+01     8.5170141E-13     2.1448212E+02
        0.6135       1.6300021E+00     2.2200000E+02     1.0613542E-15     3.4135887E+01     1.1382075E-13     2.1448212E+02
        0.6080       1.6446869E+00     2.2400000E+02    -6.2650839E-14     3.4135887E+01    -6.7187423E-12     2.1448212E+02
        0.6026       1.6593715E+00     2.2600000E+02    -1.3237560E-14     3.4135887E+01    -1.4196099E-12     2.1448212E+02
        0.5974       1.6740563E+00     2.2800000E+02     9.8958542E-16     3.4135887E+01     1.0612419E-13     2.1448212E+02
        0.5922       1.6887410E+00     2.3000000E+02    -1.2348935E-14     3.4135887E+01    -1.3243128E-12     2.1448212E+02
        0.5871       1.7034256E+00     2.3200000E+02     2.7521651E-15     3.4135887E+01     2.9514509E-13     2.1448212E+02
        0.5820       1.7181104E+00     2.3400000E+02     1.1624764E-14     3.4135887E+01     1.2466520E-12     2.1448212E+02
        0.5771       1.7327950E+00     2.3600000E+02    -6.4915529E-15     3.4135887E+01    -6.9616101E-13     2.1448212E+02
        0.5723       1.7474798E+00     2.3800000E+02     1.8924659E-14     3.4135887E+01     2.0295005E-12     2.1448212E+02
        0.5675       1.7621645E+00     2.4000000E+02     1.2498654E-14     3.4135887E+01     1.3403689E-12     2.1448212E+02
        0.5628       1.7768492E+00     2.4200000E+02    -1.5512778E-14     3.4135887E+01    -1.6636068E-12     2.1448212E+02
        0.5582       1.7915338E+00     2.4400000E+02     2.7039449E-15     3.4135887E+01     2.8997391E-13     2.1448212E+02
        0.5536       1.8062187E+00     2.4600000E+02     2.4457380E-14     3.4135887E+01     2.6228353E-12     2.1448212E+02
        0.5492       1.8209032E+00     2.4800000E+02    -6.9426683E-15     3.4135887E+01    -7.4453909E-13     2.1448212E+02
        0.5448       1.8355879E+00     2.5000000E+02    -1.3403562E-14     3.4135887E+01    -1.4374121E-12     2.1448212E+02
        0.5405       1.8502727E+00     2.5200000E+02     1.0221741E-14     3.4135887E+01     1.0961903E-12     2.1448212E+02
        0.5362       1.8649573E+00     2.5400000E+02    -1.2825283E-14     3.4135887E+01    -1.3753970E-12     2.1448212E+02
        0.5320       1.8796421E+00     2.5600000E+02     6.2101923E-15     3.4135887E+01     6.6598761E-13     2.1448212E+02
        0.5279       1.8943269E+00     2.5800000E+02     1.8338782E-14     3.4135887E+01     1.9666703E-12     2.1448212E+02
        0.5238       1.9090112E+00     2.6000000E+02     7.0654800E-15     3.4135887E+01     7.5770954E-13     2.1448212E+02
        0.5198       1.9236962E+00     2.6200000E+02    -1.2506033E-14     3.4135887E+01    -1.3411603E-12     2.1448212E+02
        0.5159       1.9383810E+00     2.6400000E+02     2.3406022E-14     3.4135887E+01     2.5100865E-12     2.1448212E+02
        0.5120       1.9530655E+00     2.6600000E+02     2.3016320E-14     3.4135887E+01     2.4682944E-12     2.1448212E+02
        0.5082       1.9677503E+00     2.6800000E+02    -1.0271307E-14     3.4135887E+01    -1.1015058E-12     2.1448212E+02
        0.5044       1.9824350E+00     2.7000000E+02    -5.9091568E-15     3.4135887E+01    -6.3370424E-13     2.1448212E+02
        0.5007       1.9971195E+00     2.7200000E+02     2.3544168E-14     3.4135887E+01     2.5249015E-12     2.1448212E+02
        0.4971       2.0118043E+00     2.7400000E+02     8.1069930E-15     3.4135887E+01     8.6940248E-13     2.1448212E+02
        0.4935       2.0264890E+00     2.7600000E+02    -2.6249009E-14     3.4135887E+01    -2.8149716E-12     2.1448212E+02
        0.4899       2.0411739E+00     2.7800000E+02     3.8822171E-15     3.4135887E+01     4.1633307E-13     2.1448212E+02
        0.4864       2.0558586E+00     2.8000000E+02     3.4940522E-14     3.4135887E+01     3.7470587E-12     2.1448212E+02
        0.4830       2.0705433E+00     2.8200000E+02     1.9926774E-15     3.4135887E+01     2.1369683E-13     2.1448212E+02
        0.4796       2.0852280E+00     2.8400000E+02    -1.3152448E-14     3.4135887E+01    -1.4104824E-12     2.1448212E+02
        0.4762       2.0999126E+00     2.8600000E+02    -9.3395936E-15     3.4135887E+01    -1.0015879E-12     2.1448212E+02
        0.4729       2.1145973E+00     2.8800000E+02     1.4725578E-14     3.4135887E+01     1.5791867E-12     2.1448212E+02
        0.4696       2.1292820E+00     2.9000000E+02    -7.1890625E-15     3.4135887E+01    -7.7096267E-13     2.1448212E+02
        0.4664       2.1439667E+00     2.9200000E+02     4.2328701E-15     3.4135887E+01     4.5393748E-13     2.1448212E+02
        0.4633       2.1586514E+00     2.9400000E+02    -4.4142249E-16     3.4135887E+01    -4.7338615E-14     2.1448212E+02
        0.4601       2.1733360E+00     2.9600000E+02     6.0833601E-15     3.4135887E+01     6.5238597E-13     2.1448212E+02
        0.4570       2.1880209E+00     2.9800000E+02     3.6188880E-14     3.4135887E+01     3.8809338E-12     2.1448212E+02
        0.4540       2.2027056E+00     3.0000000E+02    -8.7981609E-15     3.4135887E+01    -9.4352412E-13     2.1448212E+02