        1.3684       7.3078644E-01     1.0000000E+02    -6.2539560E-15     3.4296982E+01    -6.7384591E-13     2.1549429E+02
        1.3416       7.4540222E-01     1.0200000E+02    -4.0686821E-15     3.4296982E+01    -4.3838891E-13     2.1549429E+02
        1.3158       7.6001799E-01     1.0400000E+02     4.5748923E-15     3.4296982E+01     4.9293160E-13     2.1549429E+02
        1.2909       7.7463365E-01     1.0600000E+02     8.3859489E-15     3.4296982E+01     9.0356211E-13     2.1549429E+02
        1.2670       7.8924942E-01     1.0800000E+02    -5.6981461E-15     3.4296982E+01    -6.1395897E-13     2.1549429E+02
        1.2440       8.0386519E-01     1.1000000E+02    -4.6984138E-15     3.4296982E+01    -5.0624067E-13     2.1549429E+02
        1.2218       8.1848085E-01     1.1200000E+02    -1.6470289E-15     3.4296982E+01    -1.7746266E-13     2.1549429E+02
        1.2003       8.3309662E-01     1.1400000E+02    -3.8569635E-17     3.4296982E+01    -4.1557681E-15     2.1549429E+02
        1.1796       8.4771228E-01     1.1600000E+02     3.1774157E-16     3.4296982E+01     3.4235747E-14     2.1549429E+02
        1.1597       8.6232799E-01     1.1800000E+02     4.5909664E-15     3.4296982E+01     4.9466355E-13     2.1549429E+02
        1.1403       8.7694383E-01     1.2000000E+02    -9.2686512E-15     3.4296982E+01    -9.9867076E-13     2.1549429E+02
        1.1216       8.9155954E-01     1.2200000E+02    -1.2310296E-14     3.4296982E+01    -1.3263993E-12     2.1549429E+02
        1.1035       9.0617532E-01     1.2400000E+02     6.5248744E-15     3.4296982E+01     7.0303659E-13     2.1549429E+02
        1.0860       9.2079091E-01     1.2600000E+02     1.2272249E-14     3.4296982E+01     1.3222998E-12     2.1549429E+02
        1.0691       9.3540674E-01     1.2800000E+02    -4.2875304E-15     3.4296982E+01    -4.6196917E-13     2.1549429E+02
        1.0526       9.5002234E-01     1.3000000E+02     4.3614874E-15     3.4296982E+01     4.6993784E-13     2.1549429E+02
        1.0367       9.6463811E-01     1.3200000E+02     7.7967037E-15     3.4296982E+01     8.4007259E-13     2.1549429E+02
        1.0212       9.7925389E-01     1.3400000E+02    -1.4676060E-15     3.4296982E+01    -1.5813036E-13     2.1549429E+02
        1.0062       9.9386954E-01     1.3600000E+02     1.4864468E-14     3.4296982E+01     1.6016040E-12     2.1549429E+02
        0.9916       1.0084853E+00     1.3800000E+02    -8.8949725E-15     3.4296982E+01    -9.5840794E-13     2.1549429E+02
        0.9774       1.0231011E+00     1.4000000E+02    -1.2848899E-14     3.4296982E+01    -1.3844322E-12     2.1549429E+02
        0.9637       1.0377169E+00     1.4200000E+02     3.3376205E-14     3.4296982E+01     3.5961908E-12     2.1549429E+02
        0.9503       1.0523325E+00     1.4400000E+02     1.6027257E-15     3.4296982E+01     1.7268912E-13     2.1549429E+02
        0.9373       1.0669483E+00     1.4600000E+02    -3.2816669E-15     3.4296982E+01    -3.5359026E-13     2.1549429E+02
        0.9246       1.0815639E+00     1.4800000E+02    -2.1884000E-15     3.4296982E+01    -2.3579386E-13     2.1549429E+02
        0.9123       1.0961797E+00     1.5000000E+02    -1.4511034E-15     3.4296982E+01    -1.5635225E-13     2.1549429E+02
        0.9003       1.1107955E+00     1.5200000E+02     3.3604967E-15     3.4296982E+01     3.6208393E-13     2.1549429E+02
        0.8886       1.1254112E+00     1.5400000E+02    -5.5192705E-15     3.4296982E+01    -5.9468565E-13     2.1549429E+02
        0.8772       1.1400269E+00     1.5600000E+02    -2.7578254E-15     3.4296982E+01    -2.9714780E-13     2.1549429E+02
        0.8661       1.1546427E+00     1.5800000E+02     3.7387628E-15     3.4296982E+01     4.0284104E-13     2.1549429E+02
        0.8552       1.1692582E+00     1.6000000E+02    -2.1325626E-15     3.4296982E+01    -2.2977754E-13     2.1549429E+02
        0.8447       1.1838740E+00     1.6200000E+02    -3.7726678E-15     3.4296982E+01    -4.0649420E-13     2.1549429E+02
        0.8344       1.1984898E+00     1.6400000E+02     2.1725908E-15     3.4296982E+01     2.3409047E-13     2.1549429E+02
        0.8243       1.2131056E+00     1.6600000E+02     2.9425027E-16     3.4296982E+01     3.1704626E-14     2.1549429E+02
        0.8145       1.2277212E+00     1.6800000E+02     3.8338282E-15     3.4296982E+01     4.1308406E-13     2.1549429E+02
        0.8049       1.2423370E+00     1.7000000E+02     3.1355783E-15     3.4296982E+01     3.3784962E-13     2.1549429E+02
        0.7956       1.2569528E+00     1.7200000E+02     5.9998160E-16     3.4296982E+01     6.4646307E-14     2.1549429E+02
        0.7864       1.2715685E+00     1.7400000E+02     6.8303742E-16     3.4296982E+01     7.3595332E-14     2.1549429E+02
        0.7775       1.2861842E+00     1.7600000E+02    -6.9785079E-15     3.4296982E+01    -7.5191432E-13     2.1549429E+02
        0.7688       1.3007998E+00     1.7800000E+02    -6.7873025E-15     3.4296982E+01    -7.3131247E-13     2.1549429E+02
        0.7602       1.3154156E+00     1.8000000E+02     1.3303918E-15     3.4296982E+01     1.4334592E-13     2.1549429E+02
        0.7519       1.3300314E+00     1.8200000E+02     3.4291316E-15     3.4296982E+01     3.6947913E-13     2.1549429E+02
        0.7437       1.3446472E+00     1.8400000E+02     5.1787642E-16     3.4296982E+01     5.5799708E-14     2.1549429E+02
        0.7357       1.3592629E+00     1.8600000E+02     4.4732454E-15     3.4296982E+01     4.8197942E-13     2.1549429E+02
        0.7279       1.3738786E+00     1.8800000E+02    -7.0639558E-15     3.4296982E+01    -7.6112109E-13     2.1549429E+02
        0.7202       1.3884944E+00     1.9000000E+02    -4.6803945E-15     3.4296982E+01    -5.0429913E-13     2.1549429E+02
        0.7127       1.4031100E+00     1.9200000E+02    -6.5040962E-15     3.4296982E+01    -7.0079782E-13     2.1549429E+02
        0.7054       1.4177257E+00     1.9400000E+02     8.6550012E-16     3.4296982E+01     9.3255170E-14     2.1549429E+02
        0.6982       1.4323416E+00     1.9600000E+02     2.2962057E-15     3.4296982E+01     2.4740962E-13     2.1549429E+02
        0.6911       1.4469572E+00     1.9800000E+02    -2.0906956E-15     3.4296982E+01    -2.2526649E-13     2.1549429E+02
        0.6842       1.4615729E+00     2.0000000E+02    -5.6319390E-15     3.4296982E+01    -6.0682535E-13     2.1549429E+02
        0.6774       1.4761887E+00     2.0200000E+02     7.1087122E-15     3.4296982E+01     7.6594341E-13     2.1549429E+02
        0.6708       1.4908044E+00     2.0400000E+02    -1.3599647E-15     3.4296982E+01    -1.4653231E-13     2.1549429E+02
        0.6643       1.5054201E+00     2.0600000E+02     7.7786336E-18     3.4296982E+01     8.3812555E-16     2.1549429E+02
        0.6579       1.5200360E+00     2.0800000E+02     3.7438001E-15     3.4296982E+01     4.0338376E-13     2.1549429E+02
        0.6516       1.5346515E+00     2.1000000E+02     1.0532294E-14     3.4296982E+01     1.1348247E-12     2.1549429E+02
        0.6455       1.5492673E+00     2.1200000E+02    -4.0201449E-16     3.4296982E+01    -4.3315913E-14     2.1549429E+02
        0.6394       1.5638831E+00     2.1400000E+02    -5.8179538E-15     3.4296982E+01    -6.2686792E-13     2.1549429E+02
        0.6335       1.5784988E+00     2.1600000E+02    -4.5161497E-15     3.4296982E+01    -4.8660224E-13     2.1549429E+02
        0.6277       1.5931145E+00     2.1800000E+02    -1.2959343E-14     3.4296982E+01    -1.3963323E-12     2.1549429E+02
        0.6220       1.6077304E+00     2.2000000E+02    -6.3846404E-15     3.4296982E+01    -6.8792677E-13     2.1549429E+02
        0.6164       1.6223460E+00     2.2200000E+02    -1.9849316E-16     3.4296982E+01    -2.1387072E-14     2.1549429E+02
        0.6109       1.6369617E+00     2.2400000E+02    -1.4465050E-16     3.4296982E+01    -1.5585679E-14     2.1549429E+02
        0.6055       1.6515775E+00     2.2600000E+02    -8.9697412E-16     3.4296982E+01    -9.6646405E-14     2.1549429E+02
        0.6002       1.6661932E+00     2.2800000E+02     1.3152416E-14     3.4296982E+01     1.4171353E-12     2.1549429E+02
        0.5950       1.6808089E+00     2.3000000E+02     1.6084829E-15     3.4296982E+01     1.7330943E-13     2.1549429E+02
        0.5898       1.6954246E+00     2.3200000E+02     1.2110477E-15     3.4296982E+01     1.3048693E-13     2.1549429E+02
        0.5848       1.7100403E+00     2.3400000E+02     1.6544353E-15     3.4296982E+01     1.7826069E-13     2.1549429E+02
        0.5798       1.7246560E+00     2.3600000E+02    -2.2403276E-15     3.4296982E+01    -2.4138891E-13     2.1549429E+02
        0.5750       1.7392719E+00     2.3800000E+02     1.9466183E-15     3.4296982E+01     2.0974256E-13     2.1549429E+02
        0.5702       1.7538877E+00     2.4000000E+02    -2.0911977E-15     3.4296982E+01    -2.2532059E-13     2.1549429E+02
        0.5654       1.7685033E+00     2.4200000E+02    -8.4046082E-16     3.4296982E+01    -9.0557255E-14     2.1549429E+02
        0.5608       1.7831191E+00     2.4400000E+02    -3.7691611E-15     3.4296982E+01    -4.0611633E-13     2.1549429E+02
        0.5563       1.7977347E+00     2.4600000E+02     6.7570427E-15     3.4296982E+01     7.2805206E-13     2.1549429E+02
        0.5518       1.8123506E+00     2.4800000E+02     2.6351205E-14     3.4296982E+01     2.8392672E-12     2.1549429E+02
        0.5474       1.8269660E+00     2.5000000E+02    -1.2624565E-14     3.4296982E+01    -1.3602609E-12     2.1549429E+02
        0.5430       1.8415818E+00     2.5200000E+02     2.6356748E-16     3.4296982E+01     2.8398645E-14     2.1549429E+02
        0.5387       1.8561976E+00     2.5400000E+02    -3.7870019E-17     3.4296982E+01    -4.0803864E-15     2.1549429E+02
        0.5345       1.8708135E+00     2.5600000E+02     1.1113409E-14     3.4296982E+01     1.1974381E-12     2.1549429E+02
        0.5304       1.8854291E+00     2.5800000E+02     3.1296015E-15     3.4296982E+01     3.3720563E-13     2.1549429E+02
        0.5263       1.9000447E+00     2.6000000E+02    -4.7392171E-15     3.4296982E+01    -5.1063711E-13     2.1549429E+02
        0.5223       1.9146607E+00     2.6200000E+02    -1.0356026E-15     3.4296982E+01    -1.1158322E-13     2.1549429E+02
        0.5183       1.9292762E+00     2.6400000E+02    -2.3121480E-15     3.4296982E+01    -2.4912735E-13     2.1549429E+02
        0.5144       1.9438921E+00     2.6600000E+02     5.9875769E-16     3.4296982E+01     6.4514434E-14     2.1549429E+02
        0.5106       1.9585078E+00     2.6800000E+02     3.0880608E-15     3.4296982E+01     3.3272975E-13     2.1549429E+02
        0.5068       1.9731234E+00     2.7000000E+02     1.4995558E-15     3.4296982E+01     1.6157286E-13     2.1549429E+02
        0.5031       1.9877391E+00     2.7200000E+02    -1.3141607E-15     3.4296982E+01    -1.4159706E-13     2.1549429E+02
        0.4994       2.0023551E+00     2.7400000E+02    -7.5774244E-16     3.4296982E+01    -8.1644584E-14     2.1549429E+02
        0.4958       2.0169706E+00     2.7600000E+02     1.9509740E-15     3.4296982E+01     2.1021187E-13     2.1549429E+02
        0.4922       2.0315864E+00     2.7800000E+02     1.7919065E-15     3.4296982E+01     1.9307281E-13     2.1549429E+02
        0.4887       2.0462022E+00     2.8000000E+02     7.4177963E-16     3.4296982E+01     7.9924640E-14     2.1549429E+02
        0.4852       2.0608180E+00     2.8200000E+02    -6.2453509E-15     3.4296982E+01    -6.7291875E-13     2.1549429E+02
        0.4818       2.0754337E+00     2.8400000E+02    -4.1326911E-15     3.4296982E+01    -4.4528568E-13     2.1549429E+02
        0.4785       2.0900493E+00     2.8600000E+02    -4.2918245E-15     3.4296982E+01    -4.6243185E-13     2.1549429E+02
        0.4751       2.1046650E+00     2.8800000E+02    -6.3473812E-16     3.4296982E+01    -6.8391222E-14     2.1549429E+02
        0.4719       2.1192808E+00     2.9000000E+02    -6.6600041E-16     3.4296982E+01    -7.1759642E-14     2.1549429E+02
        0.4686       2.1338966E+00     2.9200000E+02     1.0514030E-15     3.4296982E+01     1.1328568E-13     2.1549429E+02
        0.4654       2.1485121E+00     2.9400000E+02     2.5320235E-15     3.4296982E+01     2.7281831E-13     2.1549429E+02
        0.4623       2.1631279E+00     2.9600000E+02    -1.0815821E-15     3.4296982E+01    -1.1653738E-13     2.1549429E+02
        0.4592       2.1777439E+00     2.9800000E+02    -1.3968070E-16     3.4296982E+01    -1.5050197E-14     2.1549429E+02
        0.4561       2.1923594E+00     3.0000000E+02    -6.6157779E-15     3.4296982E+01    -7.1283122E-13     2.1549429E+02