        1.7646       5.6669927E-01     1.0000000E+02    -4.4727359E-02     4.4227642E+01    -6.2146535E+00     2.7789047E+02
        1.7294       5.7822549E-01     1.0200000E+02    -4.4843767E-02     4.4212933E+01    -6.2287560E+00     2.7779807E+02
        1.6956       5.8974981E-01     1.0400000E+02    -4.4942666E-02     4.4198952E+01    -6.2405186E+00     2.7771021E+02
        1.6631       6.0127211E-01     1.0600000E+02    -4.5027621E-02     4.4185646E+01    -6.2504330E+00     2.7762662E+02
        1.6319       6.1279213E-01     1.0800000E+02    -4.5101348E-02     4.4173008E+01    -6.2588768E+00     2.7754721E+02
        1.6018       6.2430888E-01     1.1000000E+02    -4.5166001E-02     4.4161072E+01    -6.2661548E+00     2.7747220E+02
        1.5728       6.3582283E-01     1.1200000E+02    -4.5224395E-02     4.4149757E+01    -6.2726488E+00     2.7740112E+02
        1.5448       6.4733338E-01     1.1400000E+02    -4.5278132E-02     4.4139076E+01    -6.2785830E+00     2.7733401E+02
        1.5178       6.5884036E-01     1.1600000E+02    -4.5329120E-02     4.4129009E+01    -6.2842197E+00     2.7727075E+02
        1.4918       6.7034435E-01     1.1800000E+02    -4.5379806E-02     4.4119484E+01    -6.2898884E+00     2.7721091E+02
        1.4666       6.8184453E-01     1.2000000E+02    -4.5431122E-02     4.4110535E+01    -6.2957234E+00     2.7715466E+02
        1.4423       6.9334173E-01     1.2200000E+02    -4.5485120E-02     4.4102062E+01    -6.3019962E+00     2.7710144E+02
        1.4188       7.0483500E-01     1.2400000E+02    -4.5542330E-02     4.4094116E+01    -6.3087859E+00     2.7705151E+02
        1.3960       7.1632516E-01     1.2600000E+02    -4.5604654E-02     4.4086613E+01    -6.3163438E+00     2.7700436E+02
        1.3740       7.2781223E-01     1.2800000E+02    -4.5672633E-02     4.4079536E+01    -6.3247437E+00     2.7695990E+02
        1.3526       7.3929572E-01     1.3000000E+02    -4.5746736E-02     4.4072891E+01    -6.3340507E+00     2.7691815E+02
        1.3320       7.5077713E-01     1.3200000E+02    -4.5828123E-02     4.4066574E+01    -6.3444099E+00     2.7687845E+02
        1.3119       7.6225549E-01     1.3400000E+02    -4.5916930E-02     4.4060623E+01    -6.3558459E+00     2.7684106E+02
        1.2924       7.7373135E-01     1.3600000E+02    -4.6013780E-02     4.4054989E+01    -6.3684373E+00     2.7680566E+02
        1.2736       7.8520495E-01     1.3800000E+02    -4.6118796E-02     4.4049652E+01    -6.3821988E+00     2.7677213E+02
        1.2552       7.9667616E-01     1.4000000E+02    -4.6232656E-02     4.4044594E+01    -6.3972206E+00     2.7674036E+02
        1.2374       8.0814582E-01     1.4200000E+02    -4.6355557E-02     4.4039768E+01    -6.4135237E+00     2.7671002E+02
        1.2201       8.1961399E-01     1.4400000E+02    -4.6487559E-02     4.4035156E+01    -6.4311137E+00     2.7668106E+02
        1.2033       8.3108014E-01     1.4600000E+02    -4.6628885E-02     4.4030777E+01    -6.4500227E+00     2.7665353E+02
        1.1869       8.4254527E-01     1.4800000E+02    -4.6779528E-02     4.4026569E+01    -6.4702425E+00     2.7662711E+02
        1.1709       8.5400903E-01     1.5000000E+02    -4.6939090E-02     4.4022549E+01    -6.4917192E+00     2.7660184E+02
        1.1554       8.6547154E-01     1.5200000E+02    -4.7107663E-02     4.4018703E+01    -6.5144639E+00     2.7657767E+02
        1.1403       8.7693346E-01     1.5400000E+02    -4.7284916E-02     4.4014977E+01    -6.5384226E+00     2.7655426E+02
        1.1256       8.8839477E-01     1.5600000E+02    -4.7471017E-02     4.4011383E+01    -6.5636201E+00     2.7653168E+02
        1.1113       8.9985561E-01     1.5800000E+02    -4.7665309E-02     4.4007904E+01    -6.5899630E+00     2.7650983E+02
        1.0973       9.1131616E-01     1.6000000E+02    -4.7868263E-02     4.4004520E+01    -6.6175137E+00     2.7648856E+02
        1.0837       9.2277694E-01     1.6200000E+02    -4.8079312E-02     4.4001217E+01    -6.6461911E+00     2.7646780E+02
        1.0704       9.3423653E-01     1.6400000E+02    -4.8298128E-02     4.3998043E+01    -6.6759572E+00     2.7644788E+02
        1.0574       9.4569713E-01     1.6600000E+02    -4.8525028E-02     4.3994907E+01    -6.7068419E+00     2.7642816E+02
        1.0448       9.5715827E-01     1.6800000E+02    -4.8759695E-02     4.3991817E+01    -6.7388034E+00     2.7640875E+02
        1.0324       9.6861959E-01     1.7000000E+02    -4.9001902E-02     4.3988796E+01    -6.7718124E+00     2.7638977E+02
        1.0203       9.8008120E-01     1.7200000E+02    -4.9251501E-02     4.3985828E+01    -6.8058462E+00     2.7637112E+02
        1.0085       9.9154365E-01     1.7400000E+02    -4.9508363E-02     4.3982895E+01    -6.8408847E+00     2.7635269E+02
        0.9970       1.0030078E+00     1.7600000E+02    -4.9772583E-02     4.3979954E+01    -6.8769336E+00     2.7633420E+02
        0.9857       1.0144726E+00     1.7800000E+02    -5.0043613E-02     4.3977047E+01    -6.9139242E+00     2.7631595E+02
        0.9747       1.0259383E+00     1.8000000E+02    -5.0321333E-02     4.3974171E+01    -6.9518390E+00     2.7629788E+02
        0.9639       1.0374064E+00     1.8200000E+02    -5.0605699E-02     4.3971252E+01    -6.9906597E+00     2.7627954E+02
        0.9534       1.0488744E+00     1.8400000E+02    -5.0896462E-02     4.3968410E+01    -7.0303712E+00     2.7626169E+02
        0.9431       1.0603451E+00     1.8600000E+02    -5.1193416E-02     4.3965511E+01    -7.0709233E+00     2.7624347E+02
        0.9330       1.0718168E+00     1.8800000E+02    -5.1496346E-02     4.3962631E+01    -7.1122985E+00     2.7622537E+02
        0.9231       1.0832900E+00     1.9000000E+02    -5.1805057E-02     4.3959751E+01    -7.1544666E+00     2.7620728E+02
        0.9134       1.0947659E+00     1.9200000E+02    -5.2119594E-02     4.3956833E+01    -7.1974277E+00     2.7618893E+02
        0.9040       1.1062421E+00     1.9400000E+02    -5.2439440E-02     4.3953957E+01    -7.2411227E+00     2.7617087E+02
        0.8947       1.1177212E+00     1.9600000E+02    -5.2764766E-02     4.3951023E+01    -7.2855592E+00     2.7615244E+02
        0.8856       1.1292021E+00     1.9800000E+02    -5.3095251E-02     4.3948082E+01    -7.3307004E+00     2.7613394E+02
        0.8767       1.1406848E+00     2.0000000E+02    -5.3430825E-02     4.3945126E+01    -7.3765364E+00     2.7611539E+02
        0.8679       1.1521697E+00     2.0200000E+02    -5.3771369E-02     4.3942150E+01    -7.4230485E+00     2.7609668E+02
        0.8594       1.1636575E+00     2.0400000E+02    -5.4116655E-02     4.3939125E+01    -7.4702001E+00     2.7607767E+02
        0.8510       1.1751468E+00     2.0600000E+02    -5.4466713E-02     4.3936100E+01    -7.5180039E+00     2.7605865E+02
        0.8427       1.1866395E+00     2.0800000E+02    -5.4821331E-02     4.3933002E+01    -7.5664186E+00     2.7603922E+02
        0.8346       1.1981332E+00     2.1000000E+02    -5.5180334E-02     4.3929935E+01    -7.6154361E+00     2.7601993E+02
        0.8267       1.2096307E+00     2.1200000E+02    -5.5543784E-02     4.3926788E+01    -7.6650467E+00     2.7600015E+02
        0.8189       1.2211307E+00     2.1400000E+02    -5.5911463E-02     4.3923611E+01    -7.7152281E+00     2.7598019E+02
        0.8113       1.2326338E+00     2.1600000E+02    -5.6283426E-02     4.3920380E+01    -7.7659841E+00     2.7595990E+02
        0.8038       1.2441392E+00     2.1800000E+02    -5.6659315E-02     4.3917126E+01    -7.8172703E+00     2.7593945E+02
        0.7964       1.2556479E+00     2.2000000E+02    -5.7039276E-02     4.3913818E+01    -7.8691006E+00     2.7591867E+02
        0.7892       1.2671586E+00     2.2200000E+02    -5.7423159E-02     4.3910503E+01    -7.9214625E+00     2.7589783E+02
        0.7821       1.2786740E+00     2.2400000E+02    -5.7810750E-02     4.3907082E+01    -7.9743090E+00     2.7587634E+02
        0.7751       1.2901912E+00     2.2600000E+02    -5.8202241E-02     4.3903664E+01    -8.0276852E+00     2.7585486E+02
        0.7682       1.3017118E+00     2.2800000E+02    -5.8597304E-02     4.3900188E+01    -8.0815363E+00     2.7583304E+02
        0.7615       1.3132360E+00     2.3000000E+02    -5.8995940E-02     4.3896660E+01    -8.1358604E+00     2.7581085E+02
        0.7549       1.3247651E+00     2.3200000E+02    -5.9398171E-02     4.3893021E+01    -8.1906509E+00     2.7578799E+02
        0.7483       1.3362951E+00     2.3400000E+02    -5.9803832E-02     4.3889423E+01    -8.2459135E+00     2.7576538E+02
        0.7419       1.3478291E+00     2.3600000E+02    -6.0212895E-02     4.3885754E+01    -8.3016224E+00     2.7574234E+02
        0.7356       1.3593673E+00     2.3800000E+02    -6.0625363E-02     4.3882015E+01    -8.3577776E+00     2.7571884E+02
        0.7294       1.3709090E+00     2.4000000E+02    -6.1041083E-02     4.3878223E+01    -8.4143610E+00     2.7569501E+02
        0.7234       1.3824551E+00     2.4200000E+02    -6.1459981E-02     4.3874352E+01    -8.4713573E+00     2.7567068E+02
        0.7174       1.3940032E+00     2.4400000E+02    -6.1882168E-02     4.3870491E+01    -8.5287991E+00     2.7564642E+02
        0.7115       1.4055556E+00     2.4600000E+02    -6.2307391E-02     4.3866550E+01    -8.5866337E+00     2.7562167E+02
        0.7057       1.4171135E+00     2.4800000E+02    -6.2735617E-02     4.3862503E+01    -8.6448507E+00     2.7559625E+02
        0.7000       1.4286733E+00     2.5000000E+02    -6.3167103E-02     4.3858467E+01    -8.7035074E+00     2.7557089E+02
        0.6943       1.4402375E+00     2.5200000E+02    -6.3601643E-02     4.3854362E+01    -8.7625608E+00     2.7554510E+02
        0.6888       1.4518061E+00     2.5400000E+02    -6.4039044E-02     4.3850193E+01    -8.8219833E+00     2.7551889E+02
        0.6833       1.4633795E+00     2.5600000E+02    -6.4479366E-02     4.3845943E+01    -8.8817806E+00     2.7549219E+02
        0.6780       1.4749566E+00     2.5800000E+02    -6.4922594E-02     4.3841648E+01    -8.9419584E+00     2.7546521E+02
        0.6727       1.4865373E+00     2.6000000E+02    -6.5368779E-02     4.3837311E+01    -9.0025215E+00     2.7543796E+02
        0.6675       1.4981211E+00     2.6200000E+02    -6.5817848E-02     4.3832954E+01    -9.0634661E+00     2.7541058E+02
        0.6624       1.5097119E+00     2.6400000E+02    -6.6269748E-02     4.3828468E+01    -9.1247606E+00     2.7538239E+02
        0.6573       1.5213060E+00     2.6600000E+02    -6.6724271E-02     4.3823944E+01    -9.1863966E+00     2.7535397E+02
        0.6524       1.5329038E+00     2.6800000E+02    -6.7181848E-02     4.3819389E+01    -9.2484331E+00     2.7532535E+02
        0.6475       1.5445085E+00     2.7000000E+02    -6.7641854E-02     4.3814701E+01    -9.3107624E+00     2.7529590E+02
        0.6426       1.5561148E+00     2.7200000E+02    -6.8104893E-02     4.3810040E+01    -9.3735008E+00     2.7526660E+02
        0.6379       1.5677269E+00     2.7400000E+02    -6.8570703E-02     4.3805290E+01    -9.4365892E+00     2.7523676E+02
        0.6332       1.5793442E+00     2.7600000E+02    -6.9039054E-02     4.3800465E+01    -9.4999962E+00     2.7520645E+02
        0.6285       1.5909655E+00     2.7800000E+02    -6.9510147E-02     4.3795593E+01    -9.5637569E+00     2.7517584E+02
        0.6240       1.6025918E+00     2.8000000E+02    -6.9983974E-02     4.3790665E+01    -9.6278658E+00     2.7514487E+02
        0.6195       1.6142224E+00     2.8200000E+02    -7.0460513E-02     4.3785686E+01    -9.6923218E+00     2.7511359E+02
        0.6151       1.6258603E+00     2.8400000E+02    -7.0939496E-02     4.3780575E+01    -9.7570705E+00     2.7508148E+02
        0.6107       1.6375008E+00     2.8600000E+02    -7.1421511E-02     4.3775478E+01    -9.8222237E+00     2.7504944E+02
        0.6064       1.6491476E+00     2.8800000E+02    -7.1905971E-02     4.3770283E+01    -9.8876753E+00     2.7501682E+02
        0.6021       1.6607987E+00     2.9000000E+02    -7.2393171E-02     4.3765049E+01    -9.9534788E+00     2.7498392E+02
        0.5979       1.6724557E+00     2.9200000E+02    -7.2882883E-02     4.3759731E+01    -1.0019592E+01     2.7495050E+02
        0.5938       1.6841162E+00     2.9400000E+02    -7.3375404E-02     4.3754391E+01    -1.0086072E+01     2.7491696E+02
        0.5897       1.6957846E+00     2.9600000E+02    -7.3870398E-02     4.3748928E+01    -1.0152844E+01     2.7488263E+02
        0.5857       1.7074561E+00     2.9800000E+02    -7.4368209E-02     4.3743458E+01    -1.0219987E+01     2.7484827E+02
        0.5817       1.7191368E+00     3.0000000E+02    -7.4868418E-02     4.3737831E+01    -1.0287403E+01     2.7481290E+02