        1.7894       5.5886012E-01     1.0000000E+02    -9.4165551E-03     4.4848019E+01    -1.3267381E+00     2.8178842E+02
        1.7542       5.7007545E-01     1.0200000E+02    -9.4402377E-03     4.4845020E+01    -1.3299860E+00     2.8176959E+02
        1.7203       5.8129036E-01     1.0400000E+02    -9.4609233E-03     4.4842171E+01    -1.3328155E+00     2.8175168E+02
        1.6878       5.9250480E-01     1.0600000E+02    -9.4792275E-03     4.4839466E+01    -1.3353136E+00     2.8173468E+02
        1.6564       6.0371864E-01     1.0800000E+02    -9.4954930E-03     4.4836903E+01    -1.3375283E+00     2.8171857E+02
        1.6262       6.1493182E-01     1.1000000E+02    -9.5104007E-03     4.4834476E+01    -1.3395559E+00     2.8170334E+02
        1.5971       6.2614447E-01     1.1200000E+02    -9.5242225E-03     4.4832184E+01    -1.3414340E+00     2.8168893E+02
        1.5690       6.3735640E-01     1.1400000E+02    -9.5374798E-03     4.4830017E+01    -1.3432363E+00     2.8167532E+02
        1.5419       6.4856744E-01     1.1600000E+02    -9.5503330E-03     4.4827988E+01    -1.3449857E+00     2.8166257E+02
        1.5157       6.5977782E-01     1.1800000E+02    -9.5632495E-03     4.4826069E+01    -1.3467470E+00     2.8165051E+02
        1.4903       6.7098761E-01     1.2000000E+02    -9.5765358E-03     4.4824265E+01    -1.3485638E+00     2.8163916E+02
        1.4659       6.8219662E-01     1.2200000E+02    -9.5903398E-03     4.4822563E+01    -1.3504564E+00     2.8162848E+02
        1.4422       6.9340491E-01     1.2400000E+02    -9.6049896E-03     4.4820965E+01    -1.3524711E+00     2.8161844E+02
        1.4192       7.0461249E-01     1.2600000E+02    -9.6206469E-03     4.4819458E+01    -1.3546302E+00     2.8160898E+02
        1.3970       7.1581918E-01     1.2800000E+02    -9.6374294E-03     4.4818054E+01    -1.3569509E+00     2.8160016E+02
        1.3755       7.2702545E-01     1.3000000E+02    -9.6555538E-03     4.4816727E+01    -1.3594624E+00     2.8159180E+02
        1.3546       7.3823094E-01     1.3200000E+02    -9.6750967E-03     4.4815483E+01    -1.3621762E+00     2.8158398E+02
        1.3343       7.4943590E-01     1.3400000E+02    -9.6961400E-03     4.4814308E+01    -1.3651030E+00     2.8157660E+02
        1.3147       7.6064044E-01     1.3600000E+02    -9.7188186E-03     4.4813194E+01    -1.3682619E+00     2.8156961E+02
        1.2956       7.7184415E-01     1.3800000E+02    -9.7430320E-03     4.4812160E+01    -1.3716393E+00     2.8156311E+02
        1.2771       7.8304750E-01     1.4000000E+02    -9.7689871E-03     4.4811172E+01    -1.3752630E+00     2.8155692E+02
        1.2590       7.9425031E-01     1.4200000E+02    -9.7966958E-03     4.4810246E+01    -1.3791351E+00     2.8155109E+02
        1.2415       8.0545276E-01     1.4400000E+02    -9.8262085E-03     4.4809368E+01    -1.3832628E+00     2.8154556E+02
        1.2245       8.1665480E-01     1.4600000E+02    -9.8574832E-03     4.4808533E+01    -1.3876394E+00     2.8154031E+02
        1.2079       8.2785654E-01     1.4800000E+02    -9.8905927E-03     4.4807739E+01    -1.3922757E+00     2.8153534E+02
        1.1918       8.3905792E-01     1.5000000E+02    -9.9254828E-03     4.4806988E+01    -1.3971636E+00     2.8153061E+02
        1.1761       8.5025889E-01     1.5200000E+02    -9.9621601E-03     4.4806274E+01    -1.4023042E+00     2.8152612E+02
        1.1608       8.6145967E-01     1.5400000E+02    -1.0000527E-02     4.4805588E+01    -1.4076833E+00     2.8152182E+02
        1.1459       8.7266016E-01     1.5600000E+02    -1.0040644E-02     4.4804932E+01    -1.4133095E+00     2.8151770E+02
        1.1314       8.8386041E-01     1.5800000E+02    -1.0082353E-02     4.4804310E+01    -1.4191607E+00     2.8151379E+02
        1.1172       8.9506036E-01     1.6000000E+02    -1.0125722E-02     4.4803715E+01    -1.4252461E+00     2.8151004E+02
        1.1034       9.0626049E-01     1.6200000E+02    -1.0170715E-02     4.4803131E+01    -1.4315605E+00     2.8150638E+02
        1.0900       9.1746026E-01     1.6400000E+02    -1.0217241E-02     4.4802578E+01    -1.4380915E+00     2.8150290E+02
        1.0768       9.2865992E-01     1.6600000E+02    -1.0265253E-02     4.4802044E+01    -1.4448320E+00     2.8149954E+02
        1.0640       9.3985951E-01     1.6800000E+02    -1.0314834E-02     4.4801517E+01    -1.4517936E+00     2.8149625E+02
        1.0515       9.5105892E-01     1.7000000E+02    -1.0365817E-02     4.4801018E+01    -1.4589529E+00     2.8149310E+02
        1.0392       9.6225852E-01     1.7200000E+02    -1.0418282E-02     4.4800522E+01    -1.4663210E+00     2.8148999E+02
        1.0273       9.7345799E-01     1.7400000E+02    -1.0472101E-02     4.4800041E+01    -1.4738801E+00     2.8148697E+02
        1.0156       9.8465759E-01     1.7600000E+02    -1.0527335E-02     4.4799572E+01    -1.4816382E+00     2.8148401E+02
        1.0042       9.9585706E-01     1.7800000E+02    -1.0583881E-02     4.4799110E+01    -1.4895813E+00     2.8148111E+02
        0.9930       1.0070567E+00     1.8000000E+02    -1.0641742E-02     4.4798656E+01    -1.4977096E+00     2.8147827E+02
        0.9821       1.0182565E+00     1.8200000E+02    -1.0700916E-02     4.4798199E+01    -1.5060223E+00     2.8147540E+02
        0.9714       1.0294566E+00     1.8400000E+02    -1.0761285E-02     4.4797749E+01    -1.5145032E+00     2.8147256E+02
        0.9609       1.0406564E+00     1.8600000E+02    -1.0822852E-02     4.4797310E+01    -1.5231531E+00     2.8146982E+02
        0.9507       1.0518568E+00     1.8800000E+02    -1.0885592E-02     4.4796871E+01    -1.5319676E+00     2.8146704E+02
        0.9407       1.0630571E+00     1.9000000E+02    -1.0949455E-02     4.4796432E+01    -1.5409404E+00     2.8146429E+02
        0.9309       1.0742575E+00     1.9200000E+02    -1.1014374E-02     4.4796001E+01    -1.5500616E+00     2.8146158E+02
        0.9213       1.0854583E+00     1.9400000E+02    -1.1080354E-02     4.4795563E+01    -1.5593317E+00     2.8145883E+02
        0.9119       1.0966592E+00     1.9600000E+02    -1.1147360E-02     4.4795132E+01    -1.5687463E+00     2.8145612E+02
        0.9026       1.1078602E+00     1.9800000E+02    -1.1215358E-02     4.4794697E+01    -1.5783004E+00     2.8145340E+02
        0.8936       1.1190616E+00     2.0000000E+02    -1.1284290E-02     4.4794266E+01    -1.5879855E+00     2.8145068E+02
        0.8847       1.1302631E+00     2.0200000E+02    -1.1354153E-02     4.4793835E+01    -1.5978017E+00     2.8144797E+02
        0.8761       1.1414651E+00     2.0400000E+02    -1.1424945E-02     4.4793392E+01    -1.6077479E+00     2.8144519E+02
        0.8676       1.1526670E+00     2.0600000E+02    -1.1496578E-02     4.4792953E+01    -1.6178125E+00     2.8144244E+02
        0.8592       1.1638695E+00     2.0800000E+02    -1.1569074E-02     4.4792519E+01    -1.6279984E+00     2.8143970E+02
        0.8510       1.1750721E+00     2.1000000E+02    -1.1642381E-02     4.4792076E+01    -1.6382979E+00     2.8143692E+02
        0.8430       1.1862752E+00     2.1200000E+02    -1.1716508E-02     4.4791622E+01    -1.6487124E+00     2.8143408E+02
        0.8351       1.1974784E+00     2.1400000E+02    -1.1791419E-02     4.4791176E+01    -1.6592370E+00     2.8143127E+02
        0.8273       1.2086822E+00     2.1600000E+02    -1.1867047E-02     4.4790722E+01    -1.6698622E+00     2.8142841E+02
        0.8197       1.2198862E+00     2.1800000E+02    -1.1943441E-02     4.4790260E+01    -1.6805944E+00     2.8142551E+02
        0.8123       1.2310905E+00     2.2000000E+02    -1.2020515E-02     4.4789799E+01    -1.6914223E+00     2.8142261E+02
        0.8050       1.2422954E+00     2.2200000E+02    -1.2098307E-02     4.4789326E+01    -1.7023506E+00     2.8141965E+02
        0.7978       1.2535005E+00     2.2400000E+02    -1.2176768E-02     4.4788849E+01    -1.7133727E+00     2.8141666E+02
        0.7907       1.2647059E+00     2.2600000E+02    -1.2255888E-02     4.4788368E+01    -1.7244871E+00     2.8141364E+02
        0.7838       1.2759120E+00     2.2800000E+02    -1.2335643E-02     4.4787884E+01    -1.7356902E+00     2.8141058E+02
        0.7769       1.2871183E+00     2.3000000E+02    -1.2416027E-02     4.4787388E+01    -1.7469815E+00     2.8140747E+02
        0.7702       1.2983253E+00     2.3200000E+02    -1.2497008E-02     4.4786884E+01    -1.7583559E+00     2.8140430E+02
        0.7636       1.3095326E+00     2.3400000E+02    -1.2578571E-02     4.4786377E+01    -1.7698120E+00     2.8140112E+02
        0.7572       1.3207402E+00     2.3600000E+02    -1.2660705E-02     4.4785870E+01    -1.7813481E+00     2.8139792E+02
        0.7508       1.3319485E+00     2.3800000E+02    -1.2743387E-02     4.4785343E+01    -1.7929603E+00     2.8139462E+02
        0.7445       1.3431572E+00     2.4000000E+02    -1.2826603E-02     4.4784821E+01    -1.8046474E+00     2.8139133E+02
        0.7384       1.3543663E+00     2.4200000E+02    -1.2910375E-02     4.4784279E+01    -1.8164120E+00     2.8138794E+02
        0.7323       1.3655759E+00     2.4400000E+02    -1.2994639E-02     4.4783741E+01    -1.8282453E+00     2.8138455E+02
        0.7263       1.3767862E+00     2.4600000E+02    -1.3079416E-02     4.4783188E+01    -1.8401501E+00     2.8138107E+02
        0.7205       1.3879969E+00     2.4800000E+02    -1.3164664E-02     4.4782627E+01    -1.8521205E+00     2.8137756E+02
        0.7147       1.3992081E+00     2.5000000E+02    -1.3250408E-02     4.4782059E+01    -1.8641601E+00     2.8137399E+02
        0.7090       1.4104197E+00     2.5200000E+02    -1.3336580E-02     4.4781494E+01    -1.8762596E+00     2.8137042E+02
        0.7034       1.4216319E+00     2.5400000E+02    -1.3423199E-02     4.4780914E+01    -1.8884212E+00     2.8136679E+02
        0.6979       1.4328448E+00     2.5600000E+02    -1.3510282E-02     4.4780327E+01    -1.9006474E+00     2.8136310E+02
        0.6925       1.4440583E+00     2.5800000E+02    -1.3597785E-02     4.4779724E+01    -1.9129318E+00     2.8135931E+02
        0.6872       1.4552720E+00     2.6000000E+02    -1.3685709E-02     4.4779121E+01    -1.9252750E+00     2.8135553E+02
        0.6819       1.4664865E+00     2.6200000E+02    -1.3774030E-02     4.4778511E+01    -1.9376732E+00     2.8135168E+02
        0.6767       1.4777018E+00     2.6400000E+02    -1.3862765E-02     4.4777878E+01    -1.9501287E+00     2.8134772E+02
        0.6716       1.4889171E+00     2.6600000E+02    -1.3951855E-02     4.4777264E+01    -1.9626342E+00     2.8134384E+02
        0.6666       1.5001335E+00     2.6800000E+02    -1.4041345E-02     4.4776615E+01    -1.9751945E+00     2.8133978E+02
        0.6617       1.5113504E+00     2.7000000E+02    -1.4131227E-02     4.4775970E+01    -1.9878094E+00     2.8133572E+02
        0.6568       1.5225679E+00     2.7200000E+02    -1.4221446E-02     4.4775314E+01    -2.0004711E+00     2.8133160E+02
        0.6520       1.5337856E+00     2.7400000E+02    -1.4312009E-02     4.4774658E+01    -2.0131807E+00     2.8132748E+02
        0.6472       1.5450046E+00     2.7600000E+02    -1.4402948E-02     4.4773979E+01    -2.0259418E+00     2.8132321E+02
        0.6426       1.5562238E+00     2.7800000E+02    -1.4494204E-02     4.4773304E+01    -2.0387473E+00     2.8131897E+02
        0.6380       1.5674442E+00     2.8000000E+02    -1.4585795E-02     4.4772602E+01    -2.0515983E+00     2.8131458E+02
        0.6334       1.5786648E+00     2.8200000E+02    -1.4677702E-02     4.4771908E+01    -2.0644937E+00     2.8131021E+02
        0.6290       1.5898857E+00     2.8400000E+02    -1.4769929E-02     4.4771210E+01    -2.0774336E+00     2.8130582E+02
        0.6246       1.6011080E+00     2.8600000E+02    -1.4862474E-02     4.4770485E+01    -2.0904164E+00     2.8130127E+02
        0.6202       1.6123307E+00     2.8800000E+02    -1.4955311E-02     4.4769764E+01    -2.1034400E+00     2.8129672E+02
        0.6159       1.6235540E+00     2.9000000E+02    -1.5048462E-02     4.4769028E+01    -2.1165068E+00     2.8129211E+02
        0.6117       1.6347779E+00     2.9200000E+02    -1.5141878E-02     4.4768288E+01    -2.1296101E+00     2.8128745E+02
        0.6075       1.6460030E+00     2.9400000E+02    -1.5235597E-02     4.4767529E+01    -2.1427548E+00     2.8128268E+02
        0.6034       1.6572285E+00     2.9600000E+02    -1.5329585E-02     4.4766766E+01    -2.1559367E+00     2.8127789E+02
        0.5994       1.6684545E+00     2.9800000E+02    -1.5423832E-02     4.4766003E+01    -2.1691546E+00     2.8127310E+02
        0.5954       1.6796813E+00     3.0000000E+02    -1.5518353E-02     4.4765224E+01    -2.1824098E+00     2.8126822E+02