        1.7410       5.7437742E-01     1.0000000E+02    -4.0534291E-02     4.3636410E+01    -5.5567579E+00     2.7417566E+02
        1.7064       5.8603632E-01     1.0200000E+02    -4.0613238E-02     4.3623657E+01    -5.5659533E+00     2.7409552E+02
        1.6731       5.9769315E-01     1.0400000E+02    -4.0678799E-02     4.3611546E+01    -5.5733910E+00     2.7401944E+02
        1.6411       6.0934711E-01     1.0600000E+02    -4.0732898E-02     4.3600105E+01    -5.5793386E+00     2.7394754E+02
        1.6103       6.2099856E-01     1.0800000E+02    -4.0778659E-02     4.3589268E+01    -5.5842185E+00     2.7387946E+02
        1.5807       6.3264650E-01     1.1000000E+02    -4.0817413E-02     4.3579075E+01    -5.5882182E+00     2.7381540E+02
        1.5521       6.4429146E-01     1.1200000E+02    -4.0852055E-02     4.3569447E+01    -5.5917253E+00     2.7375491E+02
        1.5245       6.5593272E-01     1.1400000E+02    -4.0883932E-02     4.3560413E+01    -5.5949283E+00     2.7369815E+02
        1.4980       6.6757083E-01     1.1600000E+02    -4.0915359E-02     4.3551891E+01    -5.5981340E+00     2.7364462E+02
        1.4723       6.7920530E-01     1.1800000E+02    -4.0947482E-02     4.3543900E+01    -5.6015005E+00     2.7359439E+02
        1.4475       6.9083619E-01     1.2000000E+02    -4.0981393E-02     4.3536407E+01    -5.6051755E+00     2.7354733E+02
        1.4236       7.0246410E-01     1.2200000E+02    -4.1019250E-02     4.3529343E+01    -5.6094422E+00     2.7350293E+02
        1.4004       7.1408856E-01     1.2400000E+02    -4.1061256E-02     4.3522720E+01    -5.6143332E+00     2.7346133E+02
        1.3780       7.2570956E-01     1.2600000E+02    -4.1108549E-02     4.3516514E+01    -5.6199975E+00     2.7342233E+02
        1.3562       7.3732734E-01     1.2800000E+02    -4.1161731E-02     4.3510696E+01    -5.6265159E+00     2.7338577E+02
        1.3352       7.4894232E-01     1.3000000E+02    -4.1221511E-02     4.3505219E+01    -5.6339779E+00     2.7335135E+02
        1.3148       7.6055449E-01     1.3200000E+02    -4.1288272E-02     4.3500072E+01    -5.6424351E+00     2.7331903E+02
        1.2951       7.7216381E-01     1.3400000E+02    -4.1362237E-02     4.3495239E+01    -5.6519156E+00     2.7328867E+02
        1.2759       7.8377110E-01     1.3600000E+02    -4.1444257E-02     4.3490665E+01    -5.6625271E+00     2.7325992E+02
        1.2573       7.9537660E-01     1.3800000E+02    -4.1534327E-02     4.3486324E+01    -5.6742668E+00     2.7323264E+02
        1.2392       8.0697972E-01     1.4000000E+02    -4.1632980E-02     4.3482235E+01    -5.6872096E+00     2.7320694E+02
        1.2216       8.1858069E-01     1.4200000E+02    -4.1739788E-02     4.3478367E+01    -5.7012930E+00     2.7318265E+02
        1.2046       8.3018041E-01     1.4400000E+02    -4.1855197E-02     4.3474682E+01    -5.7165723E+00     2.7315948E+02
        1.1880       8.4177876E-01     1.4600000E+02    -4.1979313E-02     4.3471165E+01    -5.7330599E+00     2.7313739E+02
        1.1718       8.5337549E-01     1.4800000E+02    -4.2111628E-02     4.3467823E+01    -5.7506881E+00     2.7311639E+02
        1.1561       8.6497200E-01     1.5000000E+02    -4.2252477E-02     4.3464592E+01    -5.7694936E+00     2.7309610E+02
        1.1408       8.7656641E-01     1.5200000E+02    -4.2400863E-02     4.3461548E+01    -5.7893496E+00     2.7307697E+02
        1.1259       8.8816053E-01     1.5400000E+02    -4.2557482E-02     4.3458591E+01    -5.8103385E+00     2.7305838E+02
        1.1114       8.9975351E-01     1.5600000E+02    -4.2721517E-02     4.3455769E+01    -5.8323555E+00     2.7304065E+02
        1.0973       9.1134608E-01     1.5800000E+02    -4.2893350E-02     4.3453045E+01    -5.8554468E+00     2.7302353E+02
        1.0835       9.2293876E-01     1.6000000E+02    -4.3072660E-02     4.3450371E+01    -5.8795633E+00     2.7300674E+02
        1.0701       9.3453085E-01     1.6200000E+02    -4.3259080E-02     4.3447792E+01    -5.9046597E+00     2.7299054E+02
        1.0569       9.4612324E-01     1.6400000E+02    -4.3452691E-02     4.3445271E+01    -5.9307427E+00     2.7297470E+02
        1.0442       9.5771551E-01     1.6600000E+02    -4.3653265E-02     4.3442818E+01    -5.9577823E+00     2.7295929E+02
        1.0317       9.6930772E-01     1.6800000E+02    -4.3860584E-02     4.3440418E+01    -5.9857464E+00     2.7294421E+02
        1.0195       9.8090035E-01     1.7000000E+02    -4.4074535E-02     4.3438061E+01    -6.0146179E+00     2.7292938E+02
        1.0076       9.9249363E-01     1.7200000E+02    -4.4295020E-02     4.3435726E+01    -6.0443816E+00     2.7291473E+02
        0.9959       1.0040879E+00     1.7400000E+02    -4.4521954E-02     4.3433407E+01    -6.0750237E+00     2.7290015E+02
        0.9846       1.0156832E+00     1.7600000E+02    -4.4754922E-02     4.3431095E+01    -6.1064873E+00     2.7288562E+02
        0.9734       1.0272787E+00     1.7800000E+02    -4.4993795E-02     4.3428829E+01    -6.1387601E+00     2.7287140E+02
        0.9626       1.0388751E+00     1.8000000E+02    -4.5238577E-02     4.3426571E+01    -6.1718359E+00     2.7285721E+02
        0.9520       1.0504735E+00     1.8200000E+02    -4.5488887E-02     4.3424290E+01    -6.2056589E+00     2.7284286E+02
        0.9416       1.0620722E+00     1.8400000E+02    -4.5744501E-02     4.3422035E+01    -6.2402062E+00     2.7282870E+02
        0.9314       1.0736723E+00     1.8600000E+02    -4.6005435E-02     4.3419777E+01    -6.2754750E+00     2.7281451E+02
        0.9214       1.0852745E+00     1.8800000E+02    -4.6271395E-02     4.3417484E+01    -6.3114209E+00     2.7280011E+02
        0.9117       1.0968766E+00     1.9000000E+02    -4.6542220E-02     4.3415241E+01    -6.3480334E+00     2.7278601E+02
        0.9021       1.1084816E+00     1.9200000E+02    -4.6817798E-02     4.3412933E+01    -6.3852811E+00     2.7277151E+02
        0.8928       1.1200868E+00     1.9400000E+02    -4.7097862E-02     4.3410664E+01    -6.4231420E+00     2.7275726E+02
        0.8836       1.1316943E+00     1.9600000E+02    -4.7382470E-02     4.3408360E+01    -6.4616132E+00     2.7274277E+02
        0.8747       1.1433035E+00     1.9800000E+02    -4.7671374E-02     4.3406029E+01    -6.5006618E+00     2.7272812E+02
        0.8659       1.1549147E+00     2.0000000E+02    -4.7964375E-02     4.3403671E+01    -6.5402617E+00     2.7271332E+02
        0.8572       1.1665273E+00     2.0200000E+02    -4.8261452E-02     4.3401318E+01    -6.5804133E+00     2.7269852E+02
        0.8488       1.1781423E+00     2.0400000E+02    -4.8562460E-02     4.3398911E+01    -6.6210885E+00     2.7268341E+02
        0.8405       1.1897588E+00     2.0600000E+02    -4.8867397E-02     4.3396496E+01    -6.6622934E+00     2.7266824E+02
        0.8324       1.2013777E+00     2.0800000E+02    -4.9175814E-02     4.3394051E+01    -6.7039633E+00     2.7265286E+02
        0.8244       1.2129985E+00     2.1000000E+02    -4.9487960E-02     4.3391571E+01    -6.7461319E+00     2.7263730E+02
        0.8166       1.2246219E+00     2.1200000E+02    -4.9803540E-02     4.3389061E+01    -6.7887583E+00     2.7262152E+02
        0.8089       1.2362473E+00     2.1400000E+02    -5.0122507E-02     4.3386520E+01    -6.8318372E+00     2.7260556E+02
        0.8014       1.2478751E+00     2.1600000E+02    -5.0444830E-02     4.3383945E+01    -6.8753624E+00     2.7258939E+02
        0.7940       1.2595050E+00     2.1800000E+02    -5.0770264E-02     4.3381340E+01    -6.9193015E+00     2.7257300E+02
        0.7867       1.2711382E+00     2.2000000E+02    -5.1099010E-02     4.3378677E+01    -6.9636779E+00     2.7255627E+02
        0.7796       1.2827736E+00     2.2200000E+02    -5.1430665E-02     4.3375988E+01    -7.0084405E+00     2.7253937E+02
        0.7726       1.2944117E+00     2.2400000E+02    -5.1765364E-02     4.3373257E+01    -7.0536060E+00     2.7252222E+02
        0.7657       1.3060524E+00     2.2600000E+02    -5.2102957E-02     4.3370480E+01    -7.0991521E+00     2.7250476E+02
        0.7589       1.3176956E+00     2.2800000E+02    -5.2443232E-02     4.3367676E+01    -7.1450534E+00     2.7248715E+02
        0.7523       1.3293424E+00     2.3000000E+02    -5.2786376E-02     4.3364807E+01    -7.1913285E+00     2.7246912E+02
        0.7457       1.3409914E+00     2.3200000E+02    -5.3132173E-02     4.3361904E+01    -7.2379541E+00     2.7245090E+02
        0.7393       1.3526435E+00     2.3400000E+02    -5.3480536E-02     4.3358967E+01    -7.2849164E+00     2.7243243E+02
        0.7330       1.3642983E+00     2.3600000E+02    -5.3831495E-02     4.3355984E+01    -7.3322182E+00     2.7241370E+02
        0.7268       1.3759563E+00     2.3800000E+02    -5.4184962E-02     4.3352955E+01    -7.3798470E+00     2.7239465E+02
        0.7207       1.3876170E+00     2.4000000E+02    -5.4540843E-02     4.3349895E+01    -7.4277925E+00     2.7237543E+02
        0.7147       1.3992823E+00     2.4200000E+02    -5.4899048E-02     4.3346737E+01    -7.4760313E+00     2.7235559E+02
        0.7087       1.4109493E+00     2.4400000E+02    -5.5259753E-02     4.3343586E+01    -7.5246043E+00     2.7233578E+02
        0.7029       1.4226199E+00     2.4600000E+02    -5.5622689E-02     4.3340370E+01    -7.5734625E+00     2.7231558E+02
        0.6972       1.4342941E+00     2.4800000E+02    -5.5987824E-02     4.3337105E+01    -7.6226044E+00     2.7229507E+02
        0.6916       1.4459710E+00     2.5000000E+02    -5.6355145E-02     4.3333801E+01    -7.6720295E+00     2.7227432E+02
        0.6860       1.4576521E+00     2.5200000E+02    -5.6724738E-02     4.3330433E+01    -7.7217441E+00     2.7225314E+02
        0.6806       1.4693369E+00     2.5400000E+02    -5.7096317E-02     4.3327011E+01    -7.7717128E+00     2.7223166E+02
        0.6752       1.4810240E+00     2.5600000E+02    -5.7470001E-02     4.3323574E+01    -7.8219562E+00     2.7221005E+02
        0.6699       1.4927155E+00     2.5800000E+02    -5.7845846E-02     4.3320061E+01    -7.8724723E+00     2.7218799E+02
        0.6647       1.5044099E+00     2.6000000E+02    -5.8223587E-02     4.3316517E+01    -7.9232321E+00     2.7216571E+02
        0.6596       1.5161093E+00     2.6200000E+02    -5.8603309E-02     4.3312889E+01    -7.9742374E+00     2.7214291E+02
        0.6545       1.5278113E+00     2.6400000E+02    -5.8985081E-02     4.3309246E+01    -8.0255108E+00     2.7212003E+02
        0.6496       1.5395167E+00     2.6600000E+02    -5.9368759E-02     4.3305561E+01    -8.0770264E+00     2.7209686E+02
        0.6447       1.5512265E+00     2.6800000E+02    -5.9754241E-02     4.3301804E+01    -8.1287661E+00     2.7207327E+02
        0.6398       1.5629396E+00     2.7000000E+02    -6.0141675E-02     4.3298012E+01    -8.1807547E+00     2.7204944E+02
        0.6351       1.5746576E+00     2.7200000E+02    -6.0531035E-02     4.3294144E+01    -8.2329817E+00     2.7202515E+02
        0.6304       1.5863800E+00     2.7400000E+02    -6.0922015E-02     4.3290211E+01    -8.2854071E+00     2.7200043E+02
        0.6257       1.5981054E+00     2.7600000E+02    -6.1314933E-02     4.3286259E+01    -8.3380823E+00     2.7197559E+02
        0.6212       1.6098341E+00     2.7800000E+02    -6.1709646E-02     4.3282276E+01    -8.3909864E+00     2.7195056E+02
        0.6167       1.6215674E+00     2.8000000E+02    -6.2106144E-02     4.3278225E+01    -8.4441099E+00     2.7192511E+02
        0.6123       1.6333067E+00     2.8200000E+02    -6.2504269E-02     4.3274071E+01    -8.4974251E+00     2.7189902E+02
        0.6079       1.6450483E+00     2.8400000E+02    -6.2904269E-02     4.3269920E+01    -8.5509834E+00     2.7187292E+02
        0.6036       1.6567942E+00     2.8600000E+02    -6.3305914E-02     4.3265713E+01    -8.6047459E+00     2.7184650E+02
        0.5993       1.6685449E+00     2.8800000E+02    -6.3709281E-02     4.3261444E+01    -8.6587181E+00     2.7181967E+02
        0.5951       1.6802994E+00     2.9000000E+02    -6.4114325E-02     4.3257133E+01    -8.7128992E+00     2.7179260E+02
        0.5910       1.6920593E+00     2.9200000E+02    -6.4521052E-02     4.3252743E+01    -8.7672825E+00     2.7176501E+02
        0.5869       1.7038229E+00     2.9400000E+02    -6.4929411E-02     4.3248325E+01    -8.8218699E+00     2.7173724E+02
        0.5829       1.7155896E+00     2.9600000E+02    -6.5339498E-02     4.3243881E+01    -8.8766756E+00     2.7170932E+02
        0.5789       1.7273643E+00     2.9800000E+02    -6.5751165E-02     4.3239311E+01    -8.9316578E+00     2.7168060E+02
        0.5750       1.7391407E+00     3.0000000E+02    -6.6164546E-02     4.3234749E+01    -8.9868641E+00     2.7165195E+02