        2.9607       3.3776250E-01     1.0000000E+02    -3.7168361E-02     7.4205307E+01    -8.6647949E+00     4.6624573E+02
        2.9017       3.4461966E-01     1.0200000E+02    -3.8290489E-02     7.4183365E+01    -8.9237480E+00     4.6610782E+02
        2.8450       3.5149020E-01     1.0400000E+02    -3.9414752E-02     7.4159462E+01    -9.1828022E+00     4.6595764E+02
        2.7904       3.5837394E-01     1.0600000E+02    -4.0540352E-02     7.4133736E+01    -9.4417667E+00     4.6579599E+02
        2.7377       3.6527106E-01     1.0800000E+02    -4.1659370E-02     7.4106255E+01    -9.6987877E+00     4.6562335E+02
        2.6869       3.7218258E-01     1.1000000E+02    -4.2775661E-02     7.4076942E+01    -9.9547338E+00     4.6543918E+02
        2.6378       3.7910852E-01     1.1200000E+02    -4.3881789E-02     7.4045876E+01    -1.0207870E+01     4.6524399E+02
        2.5903       3.8604936E-01     1.1400000E+02    -4.4971883E-02     7.4013077E+01    -1.0456815E+01     4.6503787E+02
        2.5445       3.9300561E-01     1.1600000E+02    -4.6047091E-02     7.3978516E+01    -1.0701821E+01     4.6482074E+02
        2.5001       3.9997712E-01     1.1800000E+02    -4.7103126E-02     7.3942352E+01    -1.0941903E+01     4.6459351E+02
        2.4572       4.0696463E-01     1.2000000E+02    -4.8135363E-02     7.3904518E+01    -1.1175967E+01     4.6435580E+02
        2.4157       4.1396698E-01     1.2200000E+02    -4.9140256E-02     7.3865311E+01    -1.1403229E+01     4.6410947E+02
        2.3754       4.2098472E-01     1.2400000E+02    -5.0115552E-02     7.3824715E+01    -1.1623158E+01     4.6385437E+02
        2.3364       4.2801714E-01     1.2600000E+02    -5.1059775E-02     7.3782906E+01    -1.1835443E+01     4.6359167E+02
        2.2985       4.3506396E-01     1.2800000E+02    -5.1971331E-02     7.3740021E+01    -1.2039737E+01     4.6332224E+02
        2.2618       4.4212544E-01     1.3000000E+02    -5.2847613E-02     7.3696053E+01    -1.2235436E+01     4.6304596E+02
        2.2262       4.4920033E-01     1.3200000E+02    -5.3690627E-02     7.3651268E+01    -1.2423060E+01     4.6276459E+02
        2.1916       4.5628837E-01     1.3400000E+02    -5.4497700E-02     7.3605759E+01    -1.2602011E+01     4.6247864E+02
        2.1580       4.6338937E-01     1.3600000E+02    -5.5269927E-02     7.3559578E+01    -1.2772562E+01     4.6218848E+02
        2.1254       4.7050208E-01     1.3800000E+02    -5.6006465E-02     7.3512962E+01    -1.2934569E+01     4.6189557E+02
        2.0937       4.7762695E-01     1.4000000E+02    -5.6710280E-02     7.3465866E+01    -1.3088723E+01     4.6159967E+02
        2.0629       4.8476347E-01     1.4200000E+02    -5.7378195E-02     7.3418388E+01    -1.3234319E+01     4.6130133E+02
        2.0329       4.9191120E-01     1.4400000E+02    -5.8015533E-02     7.3370613E+01    -1.3372615E+01     4.6100119E+02
        2.0037       4.9906957E-01     1.4600000E+02    -5.8617450E-02     7.3322647E+01    -1.3502523E+01     4.6069980E+02
        1.9754       5.0623786E-01     1.4800000E+02    -5.9189666E-02     7.3274605E+01    -1.3625400E+01     4.6039792E+02
        1.9477       5.1341659E-01     1.5000000E+02    -5.9731610E-02     7.3226418E+01    -1.3741112E+01     4.6009515E+02
        1.9208       5.2060461E-01     1.5200000E+02    -6.0244069E-02     7.3178246E+01    -1.3849885E+01     4.5979248E+02
        1.8947       5.2780193E-01     1.5400000E+02    -6.0726322E-02     7.3130096E+01    -1.3951568E+01     4.5948996E+02
        1.8691       5.3500825E-01     1.5600000E+02    -6.1181065E-02     7.3082016E+01    -1.4046802E+01     4.5918787E+02
        1.8443       5.4222333E-01     1.5800000E+02    -6.1609991E-02     7.3034035E+01    -1.4135993E+01     4.5888638E+02
        1.8200       5.4944652E-01     1.6000000E+02    -6.2012829E-02     7.2986229E+01    -1.4219109E+01     4.5858603E+02
        1.7964       5.5667710E-01     1.6200000E+02    -6.2391363E-02     7.2938698E+01    -1.4296587E+01     4.5828738E+02
        1.7733       5.6391591E-01     1.6400000E+02    -6.2746875E-02     7.2891327E+01    -1.4368712E+01     4.5798975E+02
        1.7508       5.7116222E-01     1.6600000E+02    -6.3080296E-02     7.2844200E+01    -1.4435725E+01     4.5769363E+02
        1.7289       5.7841563E-01     1.6800000E+02    -6.3393131E-02     7.2797363E+01    -1.4497989E+01     4.5739935E+02
        1.7074       5.8567530E-01     1.7000000E+02    -6.3686132E-02     7.2750908E+01    -1.4555703E+01     4.5710745E+02
        1.6865       5.9294206E-01     1.7200000E+02    -6.3961007E-02     7.2704720E+01    -1.4609245E+01     4.5681723E+02
        1.6661       6.0021538E-01     1.7400000E+02    -6.4219244E-02     7.2658852E+01    -1.4658976E+01     4.5652905E+02
        1.6461       6.0749501E-01     1.7600000E+02    -6.4461268E-02     7.2613327E+01    -1.4705000E+01     4.5624298E+02
        1.6266       6.1478138E-01     1.7800000E+02    -6.4689495E-02     7.2568092E+01    -1.4747871E+01     4.5595877E+02
        1.6075       6.2207305E-01     1.8000000E+02    -6.4904287E-02     7.2523293E+01    -1.4787705E+01     4.5567731E+02
        1.5889       6.2937117E-01     1.8200000E+02    -6.5106943E-02     7.2478790E+01    -1.4824777E+01     4.5539771E+02
        1.5707       6.3667452E-01     1.8400000E+02    -6.5298341E-02     7.2434715E+01    -1.4859314E+01     4.5512073E+02
        1.5528       6.4398438E-01     1.8600000E+02    -6.5479882E-02     7.2390907E+01    -1.4891615E+01     4.5484549E+02
        1.5354       6.5129906E-01     1.8800000E+02    -6.5652601E-02     7.2347549E+01    -1.4921952E+01     4.5457306E+02
        1.5183       6.5862048E-01     1.9000000E+02    -6.5817170E-02     7.2304405E+01    -1.4950436E+01     4.5430200E+02
        1.5016       6.6594678E-01     1.9200000E+02    -6.5974556E-02     7.2261688E+01    -1.4977333E+01     4.5403360E+02
        1.4853       6.7328000E-01     1.9400000E+02    -6.6126697E-02     7.2219162E+01    -1.5003036E+01     4.5376639E+02
        1.4693       6.8061870E-01     1.9600000E+02    -6.6273570E-02     7.2176956E+01    -1.5027572E+01     4.5350122E+02
        1.4536       6.8796259E-01     1.9800000E+02    -6.6415213E-02     7.2135124E+01    -1.5050961E+01     4.5323834E+02
        1.4382       6.9531375E-01     2.0000000E+02    -6.6554457E-02     7.2093414E+01    -1.5073795E+01     4.5297629E+02
        1.4231       7.0266962E-01     2.0200000E+02    -6.6689961E-02     7.2052094E+01    -1.5095828E+01     4.5271664E+02
        1.4084       7.1003246E-01     2.0400000E+02    -6.6823445E-02     7.2010925E+01    -1.5117402E+01     4.5245801E+02
        1.3939       7.1740103E-01     2.0600000E+02    -6.6955023E-02     7.1970024E+01    -1.5138563E+01     4.5220099E+02
        1.3797       7.2477657E-01     2.0800000E+02    -6.7086220E-02     7.1929268E+01    -1.5159638E+01     4.5194492E+02
        1.3658       7.3215842E-01     2.1000000E+02    -6.7216240E-02     7.1888695E+01    -1.5180451E+01     4.5169000E+02
        1.3522       7.3954773E-01     2.1200000E+02    -6.7346528E-02     7.1848228E+01    -1.5201315E+01     4.5143573E+02
        1.3388       7.4694210E-01     2.1400000E+02    -6.7476057E-02     7.1808067E+01    -1.5222038E+01     4.5118341E+02
        1.3257       7.5434405E-01     2.1600000E+02    -6.7605823E-02     7.1767975E+01    -1.5242799E+01     4.5093152E+02
        1.3128       7.6175350E-01     2.1800000E+02    -6.7737214E-02     7.1727943E+01    -1.5263904E+01     4.5067999E+02
        1.3001       7.6917017E-01     2.2000000E+02    -6.7869768E-02     7.1688034E+01    -1.5285264E+01     4.5042923E+02
        1.2877       7.7659398E-01     2.2200000E+02    -6.8003237E-02     7.1648216E+01    -1.5306815E+01     4.5017902E+02
        1.2755       7.8402603E-01     2.2400000E+02    -6.8138950E-02     7.1608398E+01    -1.5328838E+01     4.4992883E+02
        1.2635       7.9146636E-01     2.2600000E+02    -6.8276860E-02     7.1568573E+01    -1.5351322E+01     4.4967862E+02
        1.2517       7.9891276E-01     2.2800000E+02    -6.8415999E-02     7.1528961E+01    -1.5374091E+01     4.4942972E+02
        1.2401       8.0636793E-01     2.3000000E+02    -6.8558097E-02     7.1489288E+01    -1.5397478E+01     4.4918045E+02
        1.2288       8.1383300E-01     2.3200000E+02    -6.8703137E-02     7.1449486E+01    -1.5421462E+01     4.4893036E+02
        1.2176       8.2130450E-01     2.3400000E+02    -6.8850249E-02     7.1409843E+01    -1.5445909E+01     4.4868127E+02
        1.2066       8.2878518E-01     2.3600000E+02    -6.9000527E-02     7.1370117E+01    -1.5471012E+01     4.4843170E+02
        1.1958       8.3627552E-01     2.3800000E+02    -6.9153771E-02     7.1330284E+01    -1.5496717E+01     4.4818143E+02
        1.1852       8.4377265E-01     2.4000000E+02    -6.9309130E-02     7.1290588E+01    -1.5522889E+01     4.4793201E+02
        1.1747       8.5128063E-01     2.4200000E+02    -6.9467872E-02     7.1250679E+01    -1.5549731E+01     4.4768121E+02
        1.1644       8.5879761E-01     2.4400000E+02    -6.9629863E-02     7.1210724E+01    -1.5577250E+01     4.4743018E+02
        1.1543       8.6632323E-01     2.4600000E+02    -6.9794312E-02     7.1170746E+01    -1.5605276E+01     4.4717902E+02
        1.1443       8.7385869E-01     2.4800000E+02    -6.9961913E-02     7.1130669E+01    -1.5633941E+01     4.4692719E+02
        1.1346       8.8140434E-01     2.5000000E+02    -7.0132330E-02     7.1090446E+01    -1.5663159E+01     4.4667444E+02
        1.1249       8.8896066E-01     2.5200000E+02    -7.0306495E-02     7.1050049E+01    -1.5693136E+01     4.4642065E+02
        1.1154       8.9652562E-01     2.5400000E+02    -7.0482500E-02     7.1009659E+01    -1.5723477E+01     4.4616687E+02
        1.1061       9.0410024E-01     2.5600000E+02    -7.0661366E-02     7.0969177E+01    -1.5754394E+01     4.4591251E+02
        1.0969       9.1168588E-01     2.5800000E+02    -7.0843339E-02     7.0928513E+01    -1.5785915E+01     4.4565701E+02
        1.0878       9.1928309E-01     2.6000000E+02    -7.1029104E-02     7.0887634E+01    -1.5818187E+01     4.4540015E+02
        1.0789       9.2688984E-01     2.6200000E+02    -7.1216792E-02     7.0846695E+01    -1.5850824E+01     4.4514291E+02
        1.0701       9.3450838E-01     2.6400000E+02    -7.1408026E-02     7.0805519E+01    -1.5884152E+01     4.4488422E+02
        1.0614       9.4213724E-01     2.6600000E+02    -7.1601503E-02     7.0764252E+01    -1.5917906E+01     4.4462491E+02
        1.0529       9.4977766E-01     2.6800000E+02    -7.1798190E-02     7.0722763E+01    -1.5952274E+01     4.4436426E+02
        1.0445       9.5742911E-01     2.7000000E+02    -7.1997330E-02     7.0681137E+01    -1.5987103E+01     4.4410269E+02
        1.0362       9.6509224E-01     2.7200000E+02    -7.2199509E-02     7.0639305E+01    -1.6022511E+01     4.4383987E+02
        1.0280       9.7276783E-01     2.7400000E+02    -7.2405063E-02     7.0597244E+01    -1.6058559E+01     4.4357559E+02
        1.0199       9.8045510E-01     2.7600000E+02    -7.2612800E-02     7.0555000E+01    -1.6094995E+01     4.4331015E+02
        1.0120       9.8815352E-01     2.7800000E+02    -7.2822928E-02     7.0512604E+01    -1.6131872E+01     4.4304376E+02
        1.0042       9.9586535E-01     2.8000000E+02    -7.3036104E-02     7.0469933E+01    -1.6169304E+01     4.4277563E+02
        0.9964       1.0035896E+00     2.8200000E+02    -7.3252305E-02     7.0427032E+01    -1.6207296E+01     4.4250610E+02
        0.9888       1.0113261E+00     2.8400000E+02    -7.3470689E-02     7.0383934E+01    -1.6245667E+01     4.4223529E+02
        0.9813       1.0190750E+00     2.8600000E+02    -7.3691681E-02     7.0340630E+01    -1.6284506E+01     4.4196323E+02
        0.9739       1.0268366E+00     2.8800000E+02    -7.3914655E-02     7.0297119E+01    -1.6323677E+01     4.4168985E+02
        0.9665       1.0346115E+00     2.9000000E+02    -7.4140206E-02     7.0253365E+01    -1.6363297E+01     4.4141492E+02
        0.9593       1.0424014E+00     2.9200000E+02    -7.4369013E-02     7.0209236E+01    -1.6403486E+01     4.4113766E+02
        0.9522       1.0502028E+00     2.9400000E+02    -7.4599296E-02     7.0164993E+01    -1.6443911E+01     4.4085968E+02
        0.9452       1.0580174E+00     2.9600000E+02    -7.4831598E-02     7.0120552E+01    -1.6484669E+01     4.4058041E+02
        0.9382       1.0658476E+00     2.9800000E+02    -7.5066902E-02     7.0075722E+01    -1.6525930E+01     4.4029874E+02
        0.9314       1.0736898E+00     3.0000000E+02    -7.5303249E-02     7.0030754E+01    -1.6567326E+01     4.4001624E+02