        2.9794       3.3564001E-01     1.0000000E+02    -7.9534641E-03     7.4674561E+01    -1.8658592E+00     4.6919409E+02
        2.9208       3.4237239E-01     1.0200000E+02    -8.1973067E-03     7.4670296E+01    -1.9229542E+00     4.6916730E+02
        2.8644       3.4910727E-01     1.0400000E+02    -8.4414482E-03     7.4665649E+01    -1.9801025E+00     4.6913812E+02
        2.8102       3.5584491E-01     1.0600000E+02    -8.6869495E-03     7.4660614E+01    -2.0375521E+00     4.6910648E+02
        2.7580       3.6258522E-01     1.0800000E+02    -8.9315018E-03     7.4655205E+01    -2.0947609E+00     4.6907248E+02
        2.7076       3.6932847E-01     1.1000000E+02    -9.1759078E-03     7.4649399E+01    -2.1519156E+00     4.6903601E+02
        2.6590       3.7607467E-01     1.1200000E+02    -9.4189756E-03     7.4643211E+01    -2.2087364E+00     4.6899716E+02
        2.6122       3.8282394E-01     1.1400000E+02    -9.6591767E-03     7.4636658E+01    -2.2648642E+00     4.6895596E+02
        2.5669       3.8957632E-01     1.1600000E+02    -9.8965932E-03     7.4629723E+01    -2.3203175E+00     4.6891238E+02
        2.5231       3.9633194E-01     1.1800000E+02    -1.0130936E-02     7.4622421E+01    -2.3750284E+00     4.6886652E+02
        2.4808       4.0309083E-01     1.2000000E+02    -1.0360474E-02     7.4614754E+01    -2.4285901E+00     4.6881836E+02
        2.4399       4.0985283E-01     1.2200000E+02    -1.0585117E-02     7.4606773E+01    -2.4809833E+00     4.6876822E+02
        2.4003       4.1661820E-01     1.2400000E+02    -1.0804068E-02     7.4598465E+01    -2.5320196E+00     4.6871597E+02
        2.3619       4.2338657E-01     1.2600000E+02    -1.1016784E-02     7.4589867E+01    -2.5815740E+00     4.6866199E+02
        2.3247       4.3015817E-01     1.2800000E+02    -1.1223272E-02     7.4581001E+01    -2.6296480E+00     4.6860626E+02
        2.2887       4.3693274E-01     1.3000000E+02    -1.1422760E-02     7.4571884E+01    -2.6760612E+00     4.6854898E+02
        2.2537       4.4371042E-01     1.3200000E+02    -1.1615222E-02     7.4562538E+01    -2.7208092E+00     4.6849026E+02
        2.2198       4.5049089E-01     1.3400000E+02    -1.1800158E-02     7.4553017E+01    -2.7637765E+00     4.6843042E+02
        2.1869       4.5727423E-01     1.3600000E+02    -1.1978223E-02     7.4543289E+01    -2.8051162E+00     4.6836932E+02
        2.1549       4.6406013E-01     1.3800000E+02    -1.2148938E-02     7.4533447E+01    -2.8447194E+00     4.6830750E+02
        2.1238       4.7084862E-01     1.4000000E+02    -1.2312392E-02     7.4523483E+01    -2.8826072E+00     4.6824487E+02
        2.0936       4.7763973E-01     1.4200000E+02    -1.2468873E-02     7.4513382E+01    -2.9188471E+00     4.6818140E+02
        2.0643       4.8443326E-01     1.4400000E+02    -1.2618520E-02     7.4503204E+01    -2.9534748E+00     4.6811743E+02
        2.0357       4.9122915E-01     1.4600000E+02    -1.2761168E-02     7.4492943E+01    -2.9864514E+00     4.6805298E+02
        2.0079       4.9802727E-01     1.4800000E+02    -1.2897088E-02     7.4482628E+01    -3.0178423E+00     4.6798816E+02
        1.9809       5.0482768E-01     1.5000000E+02    -1.3027133E-02     7.4472252E+01    -3.0478475E+00     4.6792297E+02
        1.9545       5.1163024E-01     1.5200000E+02    -1.3150634E-02     7.4461845E+01    -3.0763121E+00     4.6785760E+02
        1.9289       5.1843476E-01     1.5400000E+02    -1.3268144E-02     7.4451424E+01    -3.1033664E+00     4.6779208E+02
        1.9039       5.2524143E-01     1.5600000E+02    -1.3379931E-02     7.4440971E+01    -3.1290736E+00     4.6772641E+02
        1.8795       5.3205001E-01     1.5800000E+02    -1.3486085E-02     7.4430519E+01    -3.1534562E+00     4.6766077E+02
        1.8558       5.3886032E-01     1.6000000E+02    -1.3586879E-02     7.4420082E+01    -3.1765795E+00     4.6759518E+02
        1.8326       5.4567242E-01     1.6200000E+02    -1.3682458E-02     7.4409668E+01    -3.1984780E+00     4.6752975E+02
        1.8100       5.5248636E-01     1.6400000E+02    -1.3773168E-02     7.4399269E+01    -3.2192326E+00     4.6746439E+02
        1.7879       5.5930203E-01     1.6600000E+02    -1.3859310E-02     7.4388893E+01    -3.2389152E+00     4.6739920E+02
        1.7664       5.6611943E-01     1.6800000E+02    -1.3940968E-02     7.4378532E+01    -3.2575450E+00     4.6733414E+02
        1.7454       5.7293832E-01     1.7000000E+02    -1.4018578E-02     7.4368233E+01    -3.2752261E+00     4.6726941E+02
        1.7249       5.7975888E-01     1.7200000E+02    -1.4092162E-02     7.4357956E+01    -3.2919631E+00     4.6720483E+02
        1.7048       5.8658069E-01     1.7400000E+02    -1.4161982E-02     7.4347755E+01    -3.3078194E+00     4.6714075E+02
        1.6852       5.9340435E-01     1.7600000E+02    -1.4228391E-02     7.4337570E+01    -3.3228753E+00     4.6707672E+02
        1.6660       6.0022908E-01     1.7800000E+02    -1.4291326E-02     7.4327477E+01    -3.3371196E+00     4.6701331E+02
        1.6473       6.0705543E-01     1.8000000E+02    -1.4351520E-02     7.4317413E+01    -3.3507216E+00     4.6695007E+02
        1.6290       6.1388320E-01     1.8200000E+02    -1.4408981E-02     7.4307404E+01    -3.3636844E+00     4.6688718E+02
        1.6111       6.2071246E-01     1.8400000E+02    -1.4463966E-02     7.4297432E+01    -3.3760669E+00     4.6682452E+02
        1.5935       6.2754285E-01     1.8600000E+02    -1.4516424E-02     7.4287537E+01    -3.3878603E+00     4.6676236E+02
        1.5764       6.3437450E-01     1.8800000E+02    -1.4566876E-02     7.4277718E+01    -3.3991852E+00     4.6670065E+02
        1.5596       6.4120758E-01     1.9000000E+02    -1.4615264E-02     7.4267937E+01    -3.4100277E+00     4.6663922E+02
        1.5431       6.4804196E-01     1.9200000E+02    -1.4661868E-02     7.4258217E+01    -3.4204538E+00     4.6657816E+02
        1.5270       6.5487766E-01     1.9400000E+02    -1.4707021E-02     7.4248550E+01    -3.4305406E+00     4.6651740E+02
        1.5112       6.6171479E-01     1.9600000E+02    -1.4750616E-02     7.4238922E+01    -3.4402633E+00     4.6645691E+02
        1.4958       6.6855288E-01     1.9800000E+02    -1.4793038E-02     7.4229370E+01    -3.4497137E+00     4.6639691E+02
        1.4806       6.7539257E-01     2.0000000E+02    -1.4834430E-02     7.4219856E+01    -3.4589229E+00     4.6633713E+02
        1.4658       6.8223363E-01     2.0200000E+02    -1.4874932E-02     7.4210381E+01    -3.4679239E+00     4.6627759E+02
        1.4512       6.8907595E-01     2.0400000E+02    -1.4914531E-02     7.4200951E+01    -3.4767141E+00     4.6621835E+02
        1.4369       6.9591957E-01     2.0600000E+02    -1.4953745E-02     7.4191566E+01    -3.4854143E+00     4.6615939E+02
        1.4230       7.0276469E-01     2.0800000E+02    -1.4992251E-02     7.4182220E+01    -3.4939489E+00     4.6610065E+02
        1.4092       7.0961106E-01     2.1000000E+02    -1.5030365E-02     7.4172913E+01    -3.5023921E+00     4.6604218E+02
        1.3958       7.1645886E-01     2.1200000E+02    -1.5068111E-02     7.4163635E+01    -3.5107484E+00     4.6598389E+02
        1.3825       7.2330803E-01     2.1400000E+02    -1.5105609E-02     7.4154396E+01    -3.5190468E+00     4.6592584E+02
        1.3696       7.3015857E-01     2.1600000E+02    -1.5143130E-02     7.4145187E+01    -3.5273497E+00     4.6586798E+02
        1.3568       7.3701054E-01     2.1800000E+02    -1.5180448E-02     7.4136009E+01    -3.5356045E+00     4.6581030E+02
        1.3443       7.4386406E-01     2.2000000E+02    -1.5217836E-02     7.4126846E+01    -3.5438743E+00     4.6575272E+02
        1.3321       7.5071907E-01     2.2200000E+02    -1.5255298E-02     7.4117691E+01    -3.5521598E+00     4.6569522E+02
        1.3200       7.5757563E-01     2.2400000E+02    -1.5292834E-02     7.4108566E+01    -3.5604613E+00     4.6563785E+02
        1.3082       7.6443368E-01     2.2600000E+02    -1.5330642E-02     7.4099449E+01    -3.5688248E+00     4.6558060E+02
        1.2965       7.7129346E-01     2.2800000E+02    -1.5368642E-02     7.4090340E+01    -3.5772309E+00     4.6552335E+02
        1.2851       7.7815479E-01     2.3000000E+02    -1.5407023E-02     7.4081245E+01    -3.5857241E+00     4.6546619E+02
        1.2739       7.8501767E-01     2.3200000E+02    -1.5445724E-02     7.4072144E+01    -3.5942898E+00     4.6540903E+02
        1.2628       7.9188228E-01     2.3400000E+02    -1.5484717E-02     7.4063049E+01    -3.6029212E+00     4.6535190E+02
        1.2520       7.9874861E-01     2.3600000E+02    -1.5524253E-02     7.4053963E+01    -3.6116769E+00     4.6529477E+02
        1.2413       8.0561662E-01     2.3800000E+02    -1.5564270E-02     7.4044868E+01    -3.6205423E+00     4.6523764E+02
        1.2308       8.1248641E-01     2.4000000E+02    -1.5604724E-02     7.4035759E+01    -3.6295061E+00     4.6518042E+02
        1.2205       8.1935787E-01     2.4200000E+02    -1.5645767E-02     7.4026657E+01    -3.6386046E+00     4.6512323E+02
        1.2103       8.2623118E-01     2.4400000E+02    -1.5687307E-02     7.4017540E+01    -3.6478159E+00     4.6506592E+02
        1.2003       8.3310622E-01     2.4600000E+02    -1.5729440E-02     7.4008423E+01    -3.6571627E+00     4.6500864E+02
        1.1905       8.3998334E-01     2.4800000E+02    -1.5772127E-02     7.3999268E+01    -3.6666338E+00     4.6495111E+02
        1.1808       8.4686232E-01     2.5000000E+02    -1.5815441E-02     7.3990097E+01    -3.6762478E+00     4.6489352E+02
        1.1713       8.5374284E-01     2.5200000E+02    -1.5859233E-02     7.3980942E+01    -3.6859710E+00     4.6483597E+02
        1.1619       8.6062557E-01     2.5400000E+02    -1.5903661E-02     7.3971748E+01    -3.6958375E+00     4.6477820E+02
        1.1527       8.6751044E-01     2.5600000E+02    -1.5948679E-02     7.3962517E+01    -3.7058368E+00     4.6472021E+02
        1.1436       8.7439698E-01     2.5800000E+02    -1.5994262E-02     7.3953285E+01    -3.7159646E+00     4.6466223E+02
        1.1347       8.8128555E-01     2.6000000E+02    -1.6040456E-02     7.3944023E+01    -3.7262301E+00     4.6460403E+02
        1.1259       8.8817626E-01     2.6200000E+02    -1.6087221E-02     7.3934738E+01    -3.7366245E+00     4.6454565E+02
        1.1172       8.9506906E-01     2.6400000E+02    -1.6134582E-02     7.3925407E+01    -3.7471523E+00     4.6448706E+02
        1.1087       9.0196401E-01     2.6600000E+02    -1.6182508E-02     7.3916069E+01    -3.7578080E+00     4.6442838E+02
        1.1003       9.0886110E-01     2.6800000E+02    -1.6231099E-02     7.3906677E+01    -3.7686126E+00     4.6436935E+02
        1.0920       9.1576028E-01     2.7000000E+02    -1.6280280E-02     7.3897255E+01    -3.7795498E+00     4.6431018E+02
        1.0838       9.2266142E-01     2.7200000E+02    -1.6329926E-02     7.3887833E+01    -3.7905917E+00     4.6425095E+02
        1.0758       9.2956483E-01     2.7400000E+02    -1.6380245E-02     7.3878357E+01    -3.8017845E+00     4.6419144E+02
        1.0678       9.3647075E-01     2.7600000E+02    -1.6431162E-02     7.3868843E+01    -3.8131108E+00     4.6413162E+02
        1.0600       9.4337875E-01     2.7800000E+02    -1.6482661E-02     7.3859283E+01    -3.8245668E+00     4.6407156E+02
        1.0523       9.5028883E-01     2.8000000E+02    -1.6534653E-02     7.3849716E+01    -3.8361340E+00     4.6401144E+02
        1.0447       9.5720154E-01     2.8200000E+02    -1.6587308E-02     7.3840080E+01    -3.8478482E+00     4.6395090E+02
        1.0372       9.6411616E-01     2.8400000E+02    -1.6640496E-02     7.3830421E+01    -3.8596818E+00     4.6389023E+02
        1.0298       9.7103405E-01     2.8600000E+02    -1.6694434E-02     7.3820671E+01    -3.8716807E+00     4.6382895E+02
        1.0225       9.7795355E-01     2.8800000E+02    -1.6748758E-02     7.3810928E+01    -3.8837669E+00     4.6376773E+02
        1.0154       9.8487550E-01     2.9000000E+02    -1.6803622E-02     7.3801140E+01    -3.8959723E+00     4.6370624E+02
        1.0083       9.9180025E-01     2.9200000E+02    -1.6859196E-02     7.3791275E+01    -3.9083347E+00     4.6364426E+02
        1.0013       9.9872714E-01     2.9400000E+02    -1.6915230E-02     7.3781403E+01    -3.9208000E+00     4.6358221E+02
        0.9944       1.0056566E+00     2.9600000E+02    -1.6971836E-02     7.3771454E+01    -3.9333904E+00     4.6351974E+02
        0.9876       1.0125891E+00     2.9800000E+02    -1.7029077E-02     7.3761452E+01    -3.9461212E+00     4.6345688E+02
        0.9809       1.0195235E+00     3.0000000E+02    -1.7086772E-02     7.3751419E+01    -3.9589527E+00     4.6339386E+02