        3.1792       3.1454754E-01     1.0000000E+02    -3.0826870E-02     7.9681976E+01    -7.7168388E+00     5.0065665E+02
        3.1161       3.2091019E-01     1.0200000E+02    -3.1810772E-02     7.9664185E+01    -7.9613590E+00     5.0054483E+02
        3.0555       3.2727668E-01     1.0400000E+02    -3.2791812E-02     7.9646133E+01    -8.2050266E+00     5.0043143E+02
        2.9972       3.3364755E-01     1.0600000E+02    -3.3774029E-02     7.9627731E+01    -8.4488411E+00     5.0031583E+02
        2.9410       3.4002340E-01     1.0800000E+02    -3.4756374E-02     7.9608849E+01    -8.6925201E+00     5.0019717E+02
        2.8868       3.4640816E-01     1.1000000E+02    -3.5741448E-02     7.9588623E+01    -8.9366140E+00     5.0007007E+02
        2.8344       3.5280368E-01     1.1200000E+02    -3.6729556E-02     7.9566696E+01    -9.1811457E+00     4.9993231E+02
        2.7839       3.5920951E-01     1.1400000E+02    -3.7718222E-02     7.9543274E+01    -9.4255028E+00     4.9978513E+02
        2.7350       3.6562636E-01     1.1600000E+02    -3.8704291E-02     7.9518257E+01    -9.6688728E+00     4.9962796E+02
        2.6878       3.7205482E-01     1.1800000E+02    -3.9689731E-02     7.9491646E+01    -9.9117317E+00     4.9946075E+02
        2.6420       3.7849465E-01     1.2000000E+02    -4.0665813E-02     7.9463539E+01    -1.0151897E+01     4.9928415E+02
        2.5978       3.8494661E-01     1.2200000E+02    -4.1635241E-02     7.9433876E+01    -1.0390028E+01     4.9909778E+02
        2.5549       3.9141086E-01     1.2400000E+02    -4.2590600E-02     7.9402687E+01    -1.0624264E+01     4.9890182E+02
        2.5133       3.9788780E-01     1.2600000E+02    -4.3533478E-02     7.9369987E+01    -1.0854993E+01     4.9869635E+02
        2.4729       4.0437737E-01     1.2800000E+02    -4.4460472E-02     7.9335854E+01    -1.1081370E+01     4.9848190E+02
        2.4338       4.1087922E-01     1.3000000E+02    -4.5367990E-02     7.9300430E+01    -1.1302511E+01     4.9825931E+02
        2.3958       4.1739377E-01     1.3200000E+02    -4.6252981E-02     7.9263702E+01    -1.1517653E+01     4.9802853E+02
        2.3589       4.2392060E-01     1.3400000E+02    -4.7116559E-02     7.9225807E+01    -1.1727086E+01     4.9779044E+02
        2.3231       4.3045932E-01     1.3600000E+02    -4.7953453E-02     7.9186867E+01    -1.1929519E+01     4.9754578E+02
        2.2883       4.3701041E-01     1.3800000E+02    -4.8766088E-02     7.9146858E+01    -1.2125551E+01     4.9729440E+02
        2.2544       4.4357347E-01     1.4000000E+02    -4.9551513E-02     7.9105904E+01    -1.2314469E+01     4.9703705E+02
        2.2215       4.5014763E-01     1.4200000E+02    -5.0310496E-02     7.9064178E+01    -1.2496496E+01     4.9677490E+02
        2.1895       4.5673233E-01     1.4400000E+02    -5.1040560E-02     7.9021843E+01    -1.2671045E+01     4.9650888E+02
        2.1583       4.6332803E-01     1.4600000E+02    -5.1743601E-02     7.8978828E+01    -1.2838587E+01     4.9623862E+02
        2.1280       4.6993428E-01     1.4800000E+02    -5.2418936E-02     7.8935242E+01    -1.2998973E+01     4.9596478E+02
        2.0984       4.7655073E-01     1.5000000E+02    -5.3066388E-02     7.8891190E+01    -1.3152185E+01     4.9568799E+02
        2.0696       4.8317695E-01     1.5200000E+02    -5.3686142E-02     7.8846756E+01    -1.3298293E+01     4.9540878E+02
        2.0416       4.8981300E-01     1.5400000E+02    -5.4278996E-02     7.8801926E+01    -1.3437501E+01     4.9512711E+02
        2.0143       4.9645782E-01     1.5600000E+02    -5.4844670E-02     7.8756897E+01    -1.3569783E+01     4.9484421E+02
        1.9876       5.0311220E-01     1.5800000E+02    -5.5385388E-02     7.8711586E+01    -1.3695684E+01     4.9455948E+02
        1.9616       5.0977510E-01     1.6000000E+02    -5.5899799E-02     7.8666130E+01    -1.3814905E+01     4.9427386E+02
        1.9363       5.1644653E-01     1.6200000E+02    -5.6388635E-02     7.8620537E+01    -1.3927638E+01     4.9398743E+02
        1.9116       5.2312571E-01     1.6400000E+02    -5.6853276E-02     7.8574959E+01    -1.4034261E+01     4.9370105E+02
        1.8875       5.2981311E-01     1.6600000E+02    -5.7293691E-02     7.8529312E+01    -1.4134762E+01     4.9341425E+02
        1.8639       5.3650820E-01     1.6800000E+02    -5.7710793E-02     7.8483665E+01    -1.4229388E+01     4.9312744E+02
        1.8409       5.4321027E-01     1.7000000E+02    -5.8104891E-02     7.8438156E+01    -1.4318250E+01     4.9284146E+02
        1.8184       5.4991943E-01     1.7200000E+02    -5.8477502E-02     7.8392731E+01    -1.4401724E+01     4.9255606E+02
        1.7965       5.5663538E-01     1.7400000E+02    -5.8829784E-02     7.8347443E+01    -1.4480114E+01     4.9227151E+02
        1.7751       5.6335795E-01     1.7600000E+02    -5.9161201E-02     7.8302322E+01    -1.4553301E+01     4.9198801E+02
        1.7541       5.7008702E-01     1.7800000E+02    -5.9474576E-02     7.8257370E+01    -1.4621990E+01     4.9170557E+02
        1.7336       5.7682216E-01     1.8000000E+02    -5.9768934E-02     7.8212639E+01    -1.4685960E+01     4.9142453E+02
        1.7136       5.8356291E-01     1.8200000E+02    -6.0046311E-02     7.8168198E+01    -1.4745731E+01     4.9114529E+02
        1.6940       5.9030938E-01     1.8400000E+02    -6.0307272E-02     7.8124016E+01    -1.4801445E+01     4.9086768E+02
        1.6749       5.9706122E-01     1.8600000E+02    -6.0552947E-02     7.8080124E+01    -1.4853393E+01     4.9059189E+02
        1.6561       6.0381806E-01     1.8800000E+02    -6.0784616E-02     7.8036568E+01    -1.4901902E+01     4.9031821E+02
        1.6378       6.1058098E-01     1.9000000E+02    -6.1002690E-02     7.7993195E+01    -1.4947054E+01     4.9004572E+02
        1.6198       6.1734807E-01     1.9200000E+02    -6.1208840E-02     7.7950256E+01    -1.4989307E+01     4.8977591E+02
        1.6023       6.2412065E-01     1.9400000E+02    -6.1404310E-02     7.7907555E+01    -1.5028938E+01     4.8950760E+02
        1.5850       6.3089842E-01     1.9600000E+02    -6.1589237E-02     7.7865128E+01    -1.5065991E+01     4.8924106E+02
        1.5682       6.3767999E-01     1.9800000E+02    -6.1764095E-02     7.7823143E+01    -1.5100619E+01     4.8897726E+02
        1.5517       6.4446658E-01     2.0000000E+02    -6.1930034E-02     7.7781448E+01    -1.5133077E+01     4.8871527E+02
        1.5355       6.5125781E-01     2.0200000E+02    -6.2088963E-02     7.7740051E+01    -1.5163836E+01     4.8845514E+02
        1.5196       6.5805417E-01     2.0400000E+02    -6.2240690E-02     7.7698906E+01    -1.5192848E+01     4.8819666E+02
        1.5041       6.6485488E-01     2.0600000E+02    -6.2385924E-02     7.7658096E+01    -1.5220301E+01     4.8794022E+02
        1.4888       6.7166024E-01     2.0800000E+02    -6.2526375E-02     7.7617577E+01    -1.5246607E+01     4.8768564E+02
        1.4739       6.7846990E-01     2.1000000E+02    -6.2661298E-02     7.7577377E+01    -1.5271593E+01     4.8743304E+02
        1.4592       6.8528473E-01     2.1200000E+02    -6.2793076E-02     7.7537399E+01    -1.5295824E+01     4.8718185E+02
        1.4449       6.9210488E-01     2.1400000E+02    -6.2921271E-02     7.7497604E+01    -1.5319184E+01     4.8693182E+02
        1.4308       6.9892967E-01     2.1600000E+02    -6.3047014E-02     7.7458069E+01    -1.5341969E+01     4.8668341E+02
        1.4169       7.0575833E-01     2.1800000E+02    -6.3169770E-02     7.7418877E+01    -1.5364062E+01     4.8643716E+02
        1.4033       7.1259248E-01     2.2000000E+02    -6.3290790E-02     7.7379845E+01    -1.5385735E+01     4.8619193E+02
        1.3900       7.1943247E-01     2.2200000E+02    -6.3411444E-02     7.7340919E+01    -1.5407310E+01     4.8594733E+02
        1.3769       7.2627699E-01     2.2400000E+02    -6.3530833E-02     7.7302254E+01    -1.5428602E+01     4.8570438E+02
        1.3640       7.3312587E-01     2.2600000E+02    -6.3649029E-02     7.7263840E+01    -1.5449625E+01     4.8546304E+02
        1.3514       7.3998153E-01     2.2800000E+02    -6.3768439E-02     7.7225441E+01    -1.5470917E+01     4.8522177E+02
        1.3390       7.4684191E-01     2.3000000E+02    -6.3887022E-02     7.7187248E+01    -1.5492023E+01     4.8498181E+02
        1.3268       7.5370735E-01     2.3200000E+02    -6.4006090E-02     7.7149239E+01    -1.5513251E+01     4.8474298E+02
        1.3148       7.6057881E-01     2.3400000E+02    -6.4125888E-02     7.7111298E+01    -1.5534644E+01     4.8450461E+02
        1.3030       7.6745683E-01     2.3600000E+02    -6.4246610E-02     7.7073380E+01    -1.5556236E+01     4.8426636E+02
        1.2914       7.7434027E-01     2.3800000E+02    -6.4368933E-02     7.7035606E+01    -1.5578215E+01     4.8402899E+02
        1.2800       7.8122884E-01     2.4000000E+02    -6.4492173E-02     7.6997986E+01    -1.5600420E+01     4.8379263E+02
        1.2688       7.8812450E-01     2.4200000E+02    -6.4617433E-02     7.6960335E+01    -1.5623075E+01     4.8355606E+02
        1.2578       7.9502660E-01     2.4400000E+02    -6.4744778E-02     7.6922707E+01    -1.5646212E+01     4.8331964E+02
        1.2470       8.0193508E-01     2.4600000E+02    -6.4873882E-02     7.6885124E+01    -1.5669751E+01     4.8308350E+02
        1.2363       8.0885011E-01     2.4800000E+02    -6.5005079E-02     7.6847549E+01    -1.5693768E+01     4.8284741E+02
        1.2258       8.1577182E-01     2.5000000E+02    -6.5139242E-02     7.6809982E+01    -1.5718471E+01     4.8261139E+02
        1.2155       8.2270026E-01     2.5200000E+02    -6.5275401E-02     7.6772430E+01    -1.5743625E+01     4.8237543E+02
        1.2053       8.2963586E-01     2.5400000E+02    -6.5414406E-02     7.6734848E+01    -1.5769427E+01     4.8213928E+02
        1.1953       8.3657926E-01     2.5600000E+02    -6.5556221E-02     7.6697159E+01    -1.5795852E+01     4.8190247E+02
        1.1855       8.4352767E-01     2.5800000E+02    -6.5699339E-02     7.6659645E+01    -1.5822594E+01     4.8166675E+02
        1.1758       8.5048550E-01     2.6000000E+02    -6.5846659E-02     7.6621880E+01    -1.5850262E+01     4.8142950E+02
        1.1662       8.5744971E-01     2.6200000E+02    -6.5995708E-02     7.6584175E+01    -1.5878322E+01     4.8119257E+02
        1.1568       8.6442041E-01     2.6400000E+02    -6.6147059E-02     7.6546494E+01    -1.5906906E+01     4.8095581E+02
        1.1476       8.7140137E-01     2.6600000E+02    -6.6302143E-02     7.6508522E+01    -1.5936292E+01     4.8071725E+02
        1.1384       8.7838900E-01     2.6800000E+02    -6.6459499E-02     7.6470566E+01    -1.5966188E+01     4.8047876E+02
        1.1295       8.8538420E-01     2.7000000E+02    -6.6619359E-02     7.6432556E+01    -1.5996637E+01     4.8023993E+02
        1.1206       8.9238620E-01     2.7200000E+02    -6.6781402E-02     7.6394562E+01    -1.6027576E+01     4.8000119E+02
        1.1119       8.9939809E-01     2.7400000E+02    -6.6946544E-02     7.6356323E+01    -1.6059168E+01     4.7976093E+02
        1.1032       9.0641880E-01     2.7600000E+02    -6.7114875E-02     7.6317932E+01    -1.6091454E+01     4.7951971E+02
        1.0948       9.1344637E-01     2.7800000E+02    -6.7285083E-02     7.6279549E+01    -1.6124149E+01     4.7927856E+02
        1.0864       9.2048270E-01     2.8000000E+02    -6.7457862E-02     7.6241043E+01    -1.6157393E+01     4.7903662E+02
        1.0781       9.2752826E-01     2.8200000E+02    -6.7633651E-02     7.6202354E+01    -1.6191278E+01     4.7879355E+02
        1.0700       9.3458229E-01     2.8400000E+02    -6.7812070E-02     7.6163551E+01    -1.6225723E+01     4.7854971E+02
        1.0620       9.4164491E-01     2.8600000E+02    -6.7992978E-02     7.6124641E+01    -1.6260698E+01     4.7830524E+02
        1.0541       9.4871789E-01     2.8800000E+02    -6.8176664E-02     7.6085487E+01    -1.6296242E+01     4.7805923E+02
        1.0462       9.5579922E-01     2.9000000E+02    -6.8362929E-02     7.6046242E+01    -1.6332336E+01     4.7781265E+02
        1.0385       9.6288943E-01     2.9200000E+02    -6.8551563E-02     7.6006866E+01    -1.6368921E+01     4.7756522E+02
        1.0309       9.6999007E-01     2.9400000E+02    -6.8742931E-02     7.5967262E+01    -1.6406063E+01     4.7731638E+02
        1.0234       9.7709900E-01     2.9600000E+02    -6.8936616E-02     7.5927574E+01    -1.6443693E+01     4.7706702E+02
        1.0160       9.8421842E-01     2.9800000E+02    -6.9133133E-02     7.5887665E+01    -1.6481901E+01     4.7681625E+02
        1.0087       9.9134821E-01     3.0000000E+02    -6.9332018E-02     7.5847527E+01    -1.6520575E+01     4.7656409E+02