        3.9620       2.5239906E-01     1.0000000E+02    -2.7605502E-02     9.9302155E+01    -8.6120033E+00     6.2393384E+02
        3.8835       2.5749841E-01     1.0200000E+02    -2.7954074E-02     9.9282341E+01    -8.7190065E+00     6.2380939E+02
        3.8081       2.6260051E-01     1.0400000E+02    -2.8303048E-02     9.9262268E+01    -8.8260679E+00     6.2368323E+02
        3.7355       2.6770520E-01     1.0600000E+02    -2.8652957E-02     9.9241989E+01    -8.9333591E+00     6.2355585E+02
        3.6655       2.7281278E-01     1.0800000E+02    -2.9002465E-02     9.9221420E+01    -9.0404539E+00     6.2342657E+02
        3.5981       2.7792314E-01     1.1000000E+02    -2.9352551E-02     9.9200623E+01    -9.1476622E+00     6.2329590E+02
        3.5331       2.8303647E-01     1.1200000E+02    -2.9701293E-02     9.9179520E+01    -9.2543783E+00     6.2316333E+02
        3.4704       2.8815269E-01     1.1400000E+02    -3.0051133E-02     9.9158188E+01    -9.3613682E+00     6.2302930E+02
        3.4098       2.9327190E-01     1.1600000E+02    -3.0401167E-02     9.9136574E+01    -9.4683447E+00     6.2289349E+02
        3.3513       2.9839405E-01     1.1800000E+02    -3.0751614E-02     9.9114738E+01    -9.5753803E+00     6.2275629E+02
        3.2947       3.0351946E-01     1.2000000E+02    -3.1100966E-02     9.9092583E+01    -9.6819963E+00     6.2261707E+02
        3.2399       3.0864784E-01     1.2200000E+02    -3.1451747E-02     9.9070190E+01    -9.7889853E+00     6.2247638E+02
        3.1870       3.1377953E-01     1.2400000E+02    -3.1800568E-02     9.9047485E+01    -9.8952827E+00     6.2233374E+02
        3.1356       3.1891435E-01     1.2600000E+02    -3.2151375E-02     9.9024551E+01    -1.0002126E+01     6.2218964E+02
        3.0859       3.2405257E-01     1.2800000E+02    -3.2501012E-02     9.9001297E+01    -1.0108521E+01     6.2204352E+02
        3.0377       3.2919401E-01     1.3000000E+02    -3.2851700E-02     9.8977798E+01    -1.0215168E+01     6.2189587E+02
        2.9910       3.3433893E-01     1.3200000E+02    -3.3201497E-02     9.8954002E+01    -1.0321454E+01     6.2174634E+02
        2.9456       3.3948749E-01     1.3400000E+02    -3.3549622E-02     9.8929871E+01    -1.0427135E+01     6.2159473E+02
        2.9016       3.4464049E-01     1.3600000E+02    -3.3887073E-02     9.8905167E+01    -1.0529383E+01     6.2143951E+02
        2.8588       3.4979871E-01     1.3800000E+02    -3.4207419E-02     9.8879738E+01    -1.0626188E+01     6.2127972E+02
        2.8172       3.5496131E-01     1.4000000E+02    -3.4513980E-02     9.8853821E+01    -1.0718608E+01     6.2111688E+02
        2.7768       3.6012831E-01     1.4200000E+02    -3.4802929E-02     9.8827415E+01    -1.0805456E+01     6.2095099E+02
        2.7375       3.6529931E-01     1.4400000E+02    -3.5076220E-02     9.8800705E+01    -1.0887363E+01     6.2078314E+02
        2.6992       3.7047434E-01     1.4600000E+02    -3.5332821E-02     9.8773659E+01    -1.0964008E+01     6.2061322E+02
        2.6620       3.7565309E-01     1.4800000E+02    -3.5571422E-02     9.8746361E+01    -1.1034997E+01     6.2044171E+02
        2.6258       3.8083544E-01     1.5000000E+02    -3.5793051E-02     9.8718903E+01    -1.1100663E+01     6.2026917E+02
        2.5905       3.8602102E-01     1.5200000E+02    -3.5998188E-02     9.8691345E+01    -1.1161166E+01     6.2009601E+02
        2.5562       3.9121002E-01     1.5400000E+02    -3.6184825E-02     9.8663635E+01    -1.1215883E+01     6.1992194E+02
        2.5227       3.9640206E-01     1.5600000E+02    -3.6354374E-02     9.8635910E+01    -1.1265271E+01     6.1974774E+02
        2.4901       4.0159723E-01     1.5800000E+02    -3.6506321E-02     9.8608154E+01    -1.1309171E+01     6.1957330E+02
        2.4582       4.0679502E-01     1.6000000E+02    -3.6641184E-02     9.8580437E+01    -1.1347759E+01     6.1939917E+02
        2.4272       4.1199568E-01     1.6200000E+02    -3.6758464E-02     9.8552742E+01    -1.1380883E+01     6.1922516E+02
        2.3969       4.1719875E-01     1.6400000E+02    -3.6858704E-02     9.8525177E+01    -1.1408726E+01     6.1905194E+02
        2.3674       4.2240417E-01     1.6600000E+02    -3.6941566E-02     9.8497749E+01    -1.1431191E+01     6.1887964E+02
        2.3386       4.2761168E-01     1.6800000E+02    -3.7007026E-02     9.8470497E+01    -1.1448278E+01     6.1870837E+02
        2.3104       4.3282115E-01     1.7000000E+02    -3.7055232E-02     9.8443451E+01    -1.1460043E+01     6.1853845E+02
        2.2829       4.3803242E-01     1.7200000E+02    -3.7086137E-02     9.8416656E+01    -1.1466479E+01     6.1837012E+02
        2.2561       4.4324526E-01     1.7400000E+02    -3.7099257E-02     9.8390129E+01    -1.1467444E+01     6.1820343E+02
        2.2299       4.4845936E-01     1.7600000E+02    -3.7096202E-02     9.8363953E+01    -1.1463449E+01     6.1803894E+02
        2.2042       4.5367438E-01     1.7800000E+02    -3.7077412E-02     9.8338181E+01    -1.1454640E+01     6.1787701E+02
        2.1792       4.5889017E-01     1.8000000E+02    -3.7042048E-02     9.8312813E+01    -1.1440763E+01     6.1771765E+02
        2.1547       4.6410656E-01     1.8200000E+02    -3.6991023E-02     9.8287910E+01    -1.1422110E+01     6.1756116E+02
        2.1307       4.6932322E-01     1.8400000E+02    -3.6925081E-02     9.8263496E+01    -1.1398916E+01     6.1740778E+02
        2.1073       4.7453958E-01     1.8600000E+02    -3.6845658E-02     9.8239670E+01    -1.1371639E+01     6.1725806E+02
        2.0844       4.7975591E-01     1.8800000E+02    -3.6751974E-02     9.8216385E+01    -1.1340037E+01     6.1711176E+02
        2.0620       4.8497188E-01     1.9000000E+02    -3.6645342E-02     9.8193665E+01    -1.1304520E+01     6.1696899E+02
        2.0400       4.9018699E-01     1.9200000E+02    -3.6526974E-02     9.8171600E+01    -1.1265474E+01     6.1683038E+02
        2.0186       4.9540120E-01     1.9400000E+02    -3.6397126E-02     9.8150169E+01    -1.1222977E+01     6.1669574E+02
        1.9975       5.0061446E-01     1.9600000E+02    -3.6256664E-02     9.8129387E+01    -1.1177298E+01     6.1656512E+02
        1.9770       5.0582629E-01     1.9800000E+02    -3.6106907E-02     9.8109299E+01    -1.1128851E+01     6.1643890E+02
        1.9568       5.1103681E-01     2.0000000E+02    -3.5948042E-02     9.8089890E+01    -1.1077694E+01     6.1631696E+02
        1.9371       5.1624560E-01     2.0200000E+02    -3.5781760E-02     9.8071175E+01    -1.1024349E+01     6.1619940E+02
        1.9177       5.2145272E-01     2.0400000E+02    -3.5609055E-02     9.8053169E+01    -1.0969125E+01     6.1608624E+02
        1.8988       5.2665788E-01     2.0600000E+02    -3.5430573E-02     9.8035873E+01    -1.0912220E+01     6.1597760E+02
        1.8802       5.3186107E-01     2.0800000E+02    -3.5246573E-02     9.8019287E+01    -1.0853713E+01     6.1587335E+02
        1.8620       5.3706211E-01     2.1000000E+02    -3.5058994E-02     9.8003410E+01    -1.0794202E+01     6.1577362E+02
        1.8441       5.4226112E-01     2.1200000E+02    -3.4866877E-02     9.7988197E+01    -1.0733385E+01     6.1567804E+02
        1.8266       5.4745775E-01     2.1400000E+02    -3.4672797E-02     9.7973717E+01    -1.0672062E+01     6.1558704E+02
        1.8095       5.5265224E-01     2.1600000E+02    -3.4476593E-02     9.7959877E+01    -1.0610172E+01     6.1550006E+02
        1.7926       5.5784446E-01     2.1800000E+02    -3.4279112E-02     9.7946693E+01    -1.0547978E+01     6.1541724E+02
        1.7761       5.6303442E-01     2.2000000E+02    -3.4081183E-02     9.7934151E+01    -1.0485731E+01     6.1533844E+02
        1.7599       5.6822228E-01     2.2200000E+02    -3.3882692E-02     9.7922180E+01    -1.0423388E+01     6.1526324E+02
        1.7440       5.7340771E-01     2.2400000E+02    -3.3685543E-02     9.7910866E+01    -1.0361541E+01     6.1519214E+02
        1.7283       5.7859075E-01     2.2600000E+02    -3.3489868E-02     9.7900146E+01    -1.0300223E+01     6.1512476E+02
        1.7130       5.8377165E-01     2.2800000E+02    -3.3295099E-02     9.7889984E+01    -1.0239257E+01     6.1506091E+02
        1.6979       5.8895028E-01     2.3000000E+02    -3.3102948E-02     9.7880371E+01    -1.0179166E+01     6.1500055E+02
        1.6831       5.9412652E-01     2.3200000E+02    -3.2913119E-02     9.7871315E+01    -1.0119856E+01     6.1494360E+02
        1.6686       5.9930086E-01     2.3400000E+02    -3.2726217E-02     9.7862732E+01    -1.0061507E+01     6.1488971E+02
        1.6543       6.0447311E-01     2.3600000E+02    -3.2542467E-02     9.7854630E+01    -1.0004186E+01     6.1483881E+02
        1.6403       6.0964334E-01     2.3800000E+02    -3.2362461E-02     9.7847008E+01    -9.9480734E+00     6.1479089E+02
        1.6265       6.1481184E-01     2.4000000E+02    -3.2185651E-02     9.7839783E+01    -9.8929920E+00     6.1474548E+02
        1.6130       6.1997807E-01     2.4200000E+02    -3.2013722E-02     9.7833015E+01    -9.8394651E+00     6.1470300E+02
        1.5996       6.2514257E-01     2.4400000E+02    -3.1846117E-02     9.7826645E+01    -9.7873144E+00     6.1466296E+02
        1.5865       6.3030547E-01     2.4600000E+02    -3.1682495E-02     9.7820633E+01    -9.7364302E+00     6.1462518E+02
        1.5736       6.3546658E-01     2.4800000E+02    -3.1523868E-02     9.7814980E+01    -9.6871214E+00     6.1458966E+02
        1.5610       6.4062589E-01     2.5000000E+02    -3.1370021E-02     9.7809692E+01    -9.6393242E+00     6.1455646E+02
        1.5485       6.4578378E-01     2.5200000E+02    -3.1220915E-02     9.7804710E+01    -9.5930185E+00     6.1452515E+02
        1.5362       6.5094006E-01     2.5400000E+02    -3.1076916E-02     9.7800056E+01    -9.5483189E+00     6.1449591E+02
        1.5242       6.5609509E-01     2.5600000E+02    -3.0937793E-02     9.7795662E+01    -9.5051460E+00     6.1446826E+02
        1.5123       6.6124862E-01     2.5800000E+02    -3.0803584E-02     9.7791550E+01    -9.4635143E+00     6.1444244E+02
        1.5006       6.6640091E-01     2.6000000E+02    -3.0674577E-02     9.7787682E+01    -9.4235086E+00     6.1441815E+02
        1.4891       6.7155224E-01     2.6200000E+02    -3.0549789E-02     9.7784019E+01    -9.3848209E+00     6.1439514E+02
        1.4778       6.7670196E-01     2.6400000E+02    -3.0431090E-02     9.7780640E+01    -9.3480339E+00     6.1437390E+02
        1.4666       6.8185079E-01     2.6600000E+02    -3.0317079E-02     9.7777443E+01    -9.3127069E+00     6.1435382E+02
        1.4556       6.8699867E-01     2.6800000E+02    -3.0208031E-02     9.7774437E+01    -9.2789240E+00     6.1433490E+02
        1.4448       6.9214559E-01     2.7000000E+02    -3.0103952E-02     9.7771599E+01    -9.2466860E+00     6.1431708E+02
        1.4341       6.9729179E-01     2.7200000E+02    -3.0003874E-02     9.7768898E+01    -9.2156916E+00     6.1430011E+02
        1.4236       7.0243722E-01     2.7400000E+02    -2.9909646E-02     9.7766357E+01    -9.1865110E+00     6.1428418E+02
        1.4133       7.0758140E-01     2.7600000E+02    -2.9820982E-02     9.7764030E+01    -9.1590605E+00     6.1426953E+02
        1.4031       7.1272522E-01     2.7800000E+02    -2.9736437E-02     9.7761765E+01    -9.1328821E+00     6.1425531E+02
        1.3930       7.1786875E-01     2.8000000E+02    -2.9656261E-02     9.7759590E+01    -9.1080551E+00     6.1424164E+02
        1.3831       7.2301108E-01     2.8200000E+02    -2.9581860E-02     9.7757607E+01    -9.0850210E+00     6.1422919E+02
        1.3733       7.2815311E-01     2.8400000E+02    -2.9511383E-02     9.7755684E+01    -9.0631981E+00     6.1421710E+02
        1.3637       7.3329461E-01     2.8600000E+02    -2.9445376E-02     9.7753860E+01    -9.0427580E+00     6.1420563E+02
        1.3542       7.3843586E-01     2.8800000E+02    -2.9383568E-02     9.7752098E+01    -9.0236139E+00     6.1419458E+02
        1.3449       7.4357647E-01     2.9000000E+02    -2.9326411E-02     9.7750450E+01    -9.0059090E+00     6.1418420E+02
        1.3356       7.4871671E-01     2.9200000E+02    -2.9272873E-02     9.7748863E+01    -8.9893227E+00     6.1417426E+02
        1.3265       7.5385660E-01     2.9400000E+02    -2.9223787E-02     9.7747353E+01    -8.9741096E+00     6.1416473E+02
        1.3175       7.5899619E-01     2.9600000E+02    -2.9178398E-02     9.7745880E+01    -8.9600372E+00     6.1415552E+02
        1.3087       7.6413608E-01     2.9800000E+02    -2.9136196E-02     9.7744415E+01    -8.9469433E+00     6.1414630E+02
        1.2999       7.6927489E-01     3.0000000E+02    -2.9099051E-02     9.7743095E+01    -8.9354162E+00     6.1413800E+02