        3.9839       2.5101003E-01     1.0000000E+02    -5.9115253E-03     9.9851669E+01    -1.8544058E+00     6.2738654E+02
        3.9056       2.5604090E-01     1.0200000E+02    -5.9846286E-03     9.9847511E+01    -1.8772595E+00     6.2736041E+02
        3.8304       2.6107228E-01     1.0400000E+02    -6.0581053E-03     9.9843323E+01    -1.9002280E+00     6.2733411E+02
        3.7579       2.6610419E-01     1.0600000E+02    -6.1313407E-03     9.9839073E+01    -1.9231178E+00     6.2730743E+02
        3.6882       2.7113670E-01     1.0800000E+02    -6.2050046E-03     9.9834785E+01    -1.9461391E+00     6.2728046E+02
        3.6210       2.7616975E-01     1.1000000E+02    -6.2784376E-03     9.9830437E+01    -1.9690850E+00     6.2725317E+02
        3.5561       2.8120339E-01     1.1200000E+02    -6.3517345E-03     9.9826050E+01    -1.9919852E+00     6.2722559E+02
        3.4936       2.8623760E-01     1.1400000E+02    -6.4250790E-03     9.9821617E+01    -2.0148976E+00     6.2719775E+02
        3.4332       2.9127237E-01     1.1600000E+02    -6.4985924E-03     9.9817131E+01    -2.0378597E+00     6.2716956E+02
        3.3749       2.9630774E-01     1.1800000E+02    -6.5720426E-03     9.9812607E+01    -2.0607991E+00     6.2714111E+02
        3.3185       3.0134374E-01     1.2000000E+02    -6.6455165E-03     9.9808029E+01    -2.0837429E+00     6.2711237E+02
        3.2639       3.0638036E-01     1.2200000E+02    -6.7189792E-03     9.9803398E+01    -2.1066797E+00     6.2708325E+02
        3.2111       3.1141758E-01     1.2400000E+02    -6.7925104E-03     9.9798721E+01    -2.1296351E+00     6.2705389E+02
        3.1600       3.1645542E-01     1.2600000E+02    -6.8658772E-03     9.9793991E+01    -2.1525354E+00     6.2702417E+02
        3.1105       3.2149389E-01     1.2800000E+02    -6.9394070E-03     9.9789223E+01    -2.1754839E+00     6.2699420E+02
        3.0625       3.2653302E-01     1.3000000E+02    -7.0128017E-03     9.9784393E+01    -2.1983867E+00     6.2696387E+02
        3.0159       3.3157277E-01     1.3200000E+02    -7.0862300E-03     9.9779526E+01    -2.2212968E+00     6.2693329E+02
        2.9708       3.3661324E-01     1.3400000E+02    -7.1596890E-03     9.9774605E+01    -2.2442129E+00     6.2690234E+02
        2.9269       3.4165445E-01     1.3600000E+02    -7.2317249E-03     9.9769600E+01    -2.2666790E+00     6.2687091E+02
        2.8844       3.4669656E-01     1.3800000E+02    -7.3015271E-03     9.9764481E+01    -2.2884400E+00     6.2683875E+02
        2.8430       3.5173965E-01     1.4000000E+02    -7.3680528E-03     9.9759239E+01    -2.3091691E+00     6.2680579E+02
        2.8028       3.5678357E-01     1.4200000E+02    -7.4318009E-03     9.9753906E+01    -2.3290234E+00     6.2677228E+02
        2.7637       3.6182830E-01     1.4400000E+02    -7.4922168E-03     9.9748489E+01    -2.3478296E+00     6.2673828E+02
        2.7257       3.6687383E-01     1.4600000E+02    -7.5497581E-03     9.9743027E+01    -2.3657315E+00     6.2670392E+02
        2.6888       3.7192002E-01     1.4800000E+02    -7.6039652E-03     9.9737503E+01    -2.3825855E+00     6.2666925E+02
        2.6528       3.7696707E-01     1.5000000E+02    -7.6550967E-03     9.9731941E+01    -2.3984730E+00     6.2663428E+02
        2.6177       3.8201469E-01     1.5200000E+02    -7.7032079E-03     9.9726357E+01    -2.4134119E+00     6.2659918E+02
        2.5836       3.8706291E-01     1.5400000E+02    -7.7484497E-03     9.9720749E+01    -2.4274497E+00     6.2656396E+02
        2.5503       3.9211181E-01     1.5600000E+02    -7.7903275E-03     9.9715126E+01    -2.4404316E+00     6.2652863E+02
        2.5179       3.9716142E-01     1.5800000E+02    -7.8292238E-03     9.9709480E+01    -2.4524777E+00     6.2649316E+02
        2.4863       4.0221152E-01     1.6000000E+02    -7.8651952E-03     9.9703835E+01    -2.4636061E+00     6.2645770E+02
        2.4554       4.0726218E-01     1.6200000E+02    -7.8980299E-03     9.9698196E+01    -2.4737508E+00     6.2642224E+02
        2.4253       4.1231346E-01     1.6400000E+02    -7.9279980E-03     9.9692558E+01    -2.4829969E+00     6.2638684E+02
        2.3960       4.1736528E-01     1.6600000E+02    -7.9549085E-03     9.9686928E+01    -2.4912841E+00     6.2635144E+02
        2.3673       4.2241743E-01     1.6800000E+02    -7.9790000E-03     9.9681328E+01    -2.4986889E+00     6.2631628E+02
        2.3393       4.2747021E-01     1.7000000E+02    -7.9999343E-03     9.9675735E+01    -2.5051041E+00     6.2628113E+02
        2.3120       4.3252340E-01     1.7200000E+02    -8.0178073E-03     9.9670181E+01    -2.5105608E+00     6.2624622E+02
        2.2853       4.3757707E-01     1.7400000E+02    -8.0327354E-03     9.9664642E+01    -2.5150955E+00     6.2621143E+02
        2.2592       4.4263104E-01     1.7600000E+02    -8.0447886E-03     9.9659149E+01    -2.5187306E+00     6.2617694E+02
        2.2337       4.4768539E-01     1.7800000E+02    -8.0538075E-03     9.9653709E+01    -2.5214167E+00     6.2614276E+02
        2.2088       4.5274001E-01     1.8000000E+02    -8.0600781E-03     9.9648331E+01    -2.5232434E+00     6.2610895E+02
        2.1844       4.5779499E-01     1.8200000E+02    -8.0632614E-03     9.9642990E+01    -2.5241046E+00     6.2607538E+02
        2.1605       4.6285009E-01     1.8400000E+02    -8.0640772E-03     9.9637741E+01    -2.5242271E+00     6.2604242E+02
        2.1372       4.6790546E-01     1.8600000E+02    -8.0616865E-03     9.9632545E+01    -2.5233474E+00     6.2600977E+02
        2.1143       4.7296092E-01     1.8800000E+02    -8.0570420E-03     9.9627449E+01    -2.5217643E+00     6.2597772E+02
        2.0920       4.7801650E-01     1.9000000E+02    -8.0494806E-03     9.9622421E+01    -2.5192709E+00     6.2594617E+02
        2.0701       4.8307216E-01     1.9200000E+02    -8.0397567E-03     9.9617500E+01    -2.5161030E+00     6.2591522E+02
        2.0486       4.8812780E-01     1.9400000E+02    -8.0275759E-03     9.9612671E+01    -2.5121691E+00     6.2588489E+02
        2.0276       4.9318352E-01     1.9600000E+02    -8.0131153E-03     9.9607933E+01    -2.5075245E+00     6.2585510E+02
        2.0071       4.9823919E-01     1.9800000E+02    -7.9964940E-03     9.9603294E+01    -2.5022068E+00     6.2582599E+02
        1.9869       5.0329471E-01     2.0000000E+02    -7.9778973E-03     9.9598778E+01    -2.4962745E+00     6.2579761E+02
        1.9671       5.0835013E-01     2.0200000E+02    -7.9575544E-03     9.9594376E+01    -2.4897993E+00     6.2576996E+02
        1.9478       5.1340544E-01     2.0400000E+02    -7.9353405E-03     9.9590088E+01    -2.4827418E+00     6.2574298E+02
        1.9288       5.1846051E-01     2.0600000E+02    -7.9116542E-03     9.9585922E+01    -2.4752276E+00     6.2571680E+02
        1.9102       5.2351540E-01     2.0800000E+02    -7.8864135E-03     9.9581871E+01    -2.4672303E+00     6.2569135E+02
        1.8919       5.2857006E-01     2.1000000E+02    -7.8599341E-03     9.9577934E+01    -2.4588492E+00     6.2566663E+02
        1.8740       5.3362453E-01     2.1200000E+02    -7.8323334E-03     9.9574127E+01    -2.4501212E+00     6.2564270E+02
        1.8564       5.3867865E-01     2.1400000E+02    -7.8035179E-03     9.9570442E+01    -2.4410167E+00     6.2561957E+02
        1.8391       5.4373246E-01     2.1600000E+02    -7.7738515E-03     9.9566879E+01    -2.4316497E+00     6.2559717E+02
        1.8222       5.4878592E-01     2.1800000E+02    -7.7434601E-03     9.9563446E+01    -2.4220600E+00     6.2557562E+02
        1.8056       5.5383909E-01     2.2000000E+02    -7.7122920E-03     9.9560135E+01    -2.4122307E+00     6.2555481E+02
        1.7893       5.5889195E-01     2.2200000E+02    -7.6806038E-03     9.9556938E+01    -2.4022422E+00     6.2553473E+02
        1.7732       5.6394440E-01     2.2400000E+02    -7.6485705E-03     9.9553871E+01    -2.3921494E+00     6.2551544E+02
        1.7575       5.6899649E-01     2.2600000E+02    -7.6162135E-03     9.9550911E+01    -2.3819587E+00     6.2549683E+02
        1.7420       5.7404828E-01     2.2800000E+02    -7.5837476E-03     9.9548073E+01    -2.3717375E+00     6.2547900E+02
        1.7268       5.7909971E-01     2.3000000E+02    -7.5509441E-03     9.9545334E+01    -2.3614135E+00     6.2546179E+02
        1.7119       5.8415067E-01     2.3200000E+02    -7.5182631E-03     9.9542717E+01    -2.3511314E+00     6.2544537E+02
        1.6972       5.8920121E-01     2.3400000E+02    -7.4857897E-03     9.9540222E+01    -2.3409176E+00     6.2542969E+02
        1.6828       5.9425145E-01     2.3600000E+02    -7.4532419E-03     9.9537827E+01    -2.3306832E+00     6.2541461E+02
        1.6686       5.9930134E-01     2.3800000E+02    -7.4212039E-03     9.9535530E+01    -2.3206112E+00     6.2540021E+02
        1.6547       6.0435086E-01     2.4000000E+02    -7.3892907E-03     9.9533325E+01    -2.3105807E+00     6.2538635E+02
        1.6410       6.0939997E-01     2.4200000E+02    -7.3577100E-03     9.9531219E+01    -2.3006570E+00     6.2537311E+02
        1.6275       6.1444879E-01     2.4400000E+02    -7.3267869E-03     9.9529205E+01    -2.2909415E+00     6.2536047E+02
        1.6142       6.1949730E-01     2.4600000E+02    -7.2962525E-03     9.9527275E+01    -2.2813497E+00     6.2534833E+02
        1.6012       6.2454534E-01     2.4800000E+02    -7.2664558E-03     9.9525452E+01    -2.2719913E+00     6.2533685E+02
        1.5883       6.2959307E-01     2.5000000E+02    -7.2371843E-03     9.9523689E+01    -2.2627990E+00     6.2532581E+02
        1.5757       6.3464051E-01     2.5200000E+02    -7.2084782E-03     9.9522011E+01    -2.2537856E+00     6.2531525E+02
        1.5633       6.3968754E-01     2.5400000E+02    -7.1807238E-03     9.9520424E+01    -2.2450724E+00     6.2530530E+02
        1.5510       6.4473438E-01     2.5600000E+02    -7.1535306E-03     9.9518890E+01    -2.2365358E+00     6.2529565E+02
        1.5390       6.4978087E-01     2.5800000E+02    -7.1272017E-03     9.9517441E+01    -2.2282717E+00     6.2528656E+02
        1.5271       6.5482706E-01     2.6000000E+02    -7.1015009E-03     9.9516045E+01    -2.2202053E+00     6.2527777E+02
        1.5154       6.5987289E-01     2.6200000E+02    -7.0768646E-03     9.9514732E+01    -2.2124739E+00     6.2526953E+02
        1.5039       6.6491860E-01     2.6400000E+02    -7.0527853E-03     9.9513458E+01    -2.2049177E+00     6.2526154E+02
        1.4926       6.6996402E-01     2.6600000E+02    -7.0297178E-03     9.9512260E+01    -2.1976795E+00     6.2525397E+02
        1.4815       6.7500913E-01     2.6800000E+02    -7.0074778E-03     9.9511101E+01    -2.1907012E+00     6.2524670E+02
        1.4705       6.8005401E-01     2.7000000E+02    -6.9860639E-03     9.9510002E+01    -2.1839826E+00     6.2523981E+02
        1.4596       6.8509877E-01     2.7200000E+02    -6.9654635E-03     9.9508942E+01    -2.1775193E+00     6.2523315E+02
        1.4490       6.9014329E-01     2.7400000E+02    -6.9458704E-03     9.9507935E+01    -2.1713722E+00     6.2522681E+02
        1.4385       6.9518751E-01     2.7600000E+02    -6.9270562E-03     9.9506973E+01    -2.1654696E+00     6.2522076E+02
        1.4281       7.0023173E-01     2.7800000E+02    -6.9090361E-03     9.9506027E+01    -2.1598160E+00     6.2521484E+02
        1.4179       7.0527565E-01     2.8000000E+02    -6.8921698E-03     9.9505150E+01    -2.1545243E+00     6.2520929E+02
        1.4078       7.1031952E-01     2.8200000E+02    -6.8759546E-03     9.9504280E+01    -2.1494367E+00     6.2520386E+02
        1.3979       7.1536309E-01     2.8400000E+02    -6.8608802E-03     9.9503464E+01    -2.1447067E+00     6.2519873E+02
        1.3881       7.2040647E-01     2.8600000E+02    -6.8466361E-03     9.9502686E+01    -2.1402373E+00     6.2519385E+02
        1.3785       7.2544992E-01     2.8800000E+02    -6.8331696E-03     9.9501923E+01    -2.1360114E+00     6.2518903E+02
        1.3689       7.3049319E-01     2.9000000E+02    -6.8205632E-03     9.9501183E+01    -2.1320548E+00     6.2518439E+02
        1.3596       7.3553628E-01     2.9200000E+02    -6.8088416E-03     9.9500473E+01    -2.1283755E+00     6.2517993E+02
        1.3503       7.4057925E-01     2.9400000E+02    -6.7979447E-03     9.9499794E+01    -2.1249547E+00     6.2517566E+02
        1.3412       7.4562222E-01     2.9600000E+02    -6.7877024E-03     9.9499123E+01    -2.1217389E+00     6.2517145E+02
        1.3322       7.5066507E-01     2.9800000E+02    -6.7783706E-03     9.9498482E+01    -2.1188083E+00     6.2516742E+02
        1.3233       7.5570774E-01     3.0000000E+02    -6.7699621E-03     9.9497871E+01    -2.1161668E+00     6.2516357E+02