        3.8943       2.5678262E-01     1.0000000E+02    -2.5541041E-02     9.7606956E+01    -7.8319378E+00     6.1328259E+02
        3.8173       2.6196757E-01     1.0200000E+02    -2.5869729E-02     9.7588585E+01    -7.9312344E+00     6.1316718E+02
        3.7431       2.6715505E-01     1.0400000E+02    -2.6198708E-02     9.7570007E+01    -8.0305653E+00     6.1305048E+02
        3.6718       2.7234524E-01     1.0600000E+02    -2.6527423E-02     9.7551163E+01    -8.1297541E+00     6.1293207E+02
        3.6031       2.7753818E-01     1.0800000E+02    -2.6855176E-02     9.7532066E+01    -8.2285881E+00     6.1281207E+02
        3.5369       2.8273374E-01     1.1000000E+02    -2.7184419E-02     9.7512764E+01    -8.3278217E+00     6.1269080E+02
        3.4730       2.8793213E-01     1.1200000E+02    -2.7514063E-02     9.7493195E+01    -8.4271145E+00     6.1256781E+02
        3.4114       2.9313344E-01     1.1400000E+02    -2.7842531E-02     9.7473358E+01    -8.5259838E+00     6.1244318E+02
        3.3519       2.9833767E-01     1.1600000E+02    -2.8170384E-02     9.7453239E+01    -8.6245995E+00     6.1231677E+02
        3.2944       3.0354482E-01     1.1800000E+02    -2.8498854E-02     9.7432884E+01    -8.7233410E+00     6.1218890E+02
        3.2388       3.0875498E-01     1.2000000E+02    -2.8827565E-02     9.7412277E+01    -8.8220911E+00     6.1205939E+02
        3.1850       3.1396818E-01     1.2200000E+02    -2.9155567E-02     9.7391396E+01    -8.9205570E+00     6.1192822E+02
        3.1330       3.1918454E-01     1.2400000E+02    -2.9483242E-02     9.7370239E+01    -9.0188541E+00     6.1179529E+02
        3.0826       3.2440400E-01     1.2600000E+02    -2.9811520E-02     9.7348831E+01    -9.1172686E+00     6.1166077E+02
        3.0337       3.2962668E-01     1.2800000E+02    -3.0139724E-02     9.7327148E+01    -9.2155905E+00     6.1152454E+02
        2.9864       3.3485278E-01     1.3000000E+02    -3.0466830E-02     9.7305145E+01    -9.3135014E+00     6.1138629E+02
        2.9405       3.4008244E-01     1.3200000E+02    -3.0790973E-02     9.7282814E+01    -9.4104290E+00     6.1124597E+02
        2.8959       3.4531650E-01     1.3400000E+02    -3.1104395E-02     9.7259911E+01    -9.5039797E+00     6.1110205E+02
        2.8526       3.5055542E-01     1.3600000E+02    -3.1402528E-02     9.7236343E+01    -9.5927496E+00     6.1095398E+02
        2.8106       3.5579866E-01     1.3800000E+02    -3.1685930E-02     9.7212288E+01    -9.6769285E+00     6.1080286E+02
        2.7697       3.6104608E-01     1.4000000E+02    -3.1953793E-02     9.7187813E+01    -9.7562771E+00     6.1064905E+02
        2.7300       3.6629751E-01     1.4200000E+02    -3.2204736E-02     9.7162964E+01    -9.8303814E+00     6.1049292E+02
        2.6914       3.7155271E-01     1.4400000E+02    -3.2440193E-02     9.7137840E+01    -9.8996944E+00     6.1033508E+02
        2.6538       3.7681162E-01     1.4600000E+02    -3.2657515E-02     9.7112457E+01    -9.9634094E+00     6.1017560E+02
        2.6173       3.8207394E-01     1.4800000E+02    -3.2857861E-02     9.7086914E+01    -1.0021895E+01     6.1001508E+02
        2.5817       3.8733941E-01     1.5000000E+02    -3.3042006E-02     9.7061264E+01    -1.0075398E+01     6.0985394E+02
        2.5471       3.9260817E-01     1.5200000E+02    -3.3207882E-02     9.7035507E+01    -1.0123291E+01     6.0969208E+02
        2.5133       3.9787981E-01     1.5400000E+02    -3.3357434E-02     9.7009712E+01    -1.0166179E+01     6.0953003E+02
        2.4804       4.0315446E-01     1.5600000E+02    -3.3488732E-02     9.6983871E+01    -1.0203475E+01     6.0936768E+02
        2.4484       4.0843159E-01     1.5800000E+02    -3.3604227E-02     9.6958122E+01    -1.0235946E+01     6.0920587E+02
        2.4171       4.1371134E-01     1.6000000E+02    -3.3701073E-02     9.6932388E+01    -1.0262722E+01     6.0904419E+02
        2.3867       4.1899329E-01     1.6200000E+02    -3.3781871E-02     9.6906815E+01    -1.0284612E+01     6.0888348E+02
        2.3569       4.2427748E-01     1.6400000E+02    -3.3844881E-02     9.6881371E+01    -1.0301089E+01     6.0872363E+02
        2.3279       4.2956355E-01     1.6600000E+02    -3.3890989E-02     9.6856125E+01    -1.0312435E+01     6.0856500E+02
        2.2996       4.3485135E-01     1.6800000E+02    -3.3919375E-02     9.6831093E+01    -1.0318405E+01     6.0840771E+02
        2.2720       4.4014069E-01     1.7000000E+02    -3.3931810E-02     9.6806343E+01    -1.0319550E+01     6.0825220E+02
        2.2450       4.4543138E-01     1.7200000E+02    -3.3926059E-02     9.6781868E+01    -1.0315192E+01     6.0809845E+02
        2.2187       4.5072296E-01     1.7400000E+02    -3.3905204E-02     9.6757790E+01    -1.0306286E+01     6.0794714E+02
        2.1929       4.5601523E-01     1.7600000E+02    -3.3868443E-02     9.6734123E+01    -1.0292594E+01     6.0779846E+02
        2.1677       4.6130788E-01     1.7800000E+02    -3.3816881E-02     9.6710922E+01    -1.0274459E+01     6.0765265E+02
        2.1432       4.6660095E-01     1.8000000E+02    -3.3749793E-02     9.6688164E+01    -1.0251662E+01     6.0750964E+02
        2.1191       4.7189391E-01     1.8200000E+02    -3.3668526E-02     9.6665924E+01    -1.0224625E+01     6.0736993E+02
        2.0956       4.7718665E-01     1.8400000E+02    -3.3573590E-02     9.6644234E+01    -1.0193507E+01     6.0723364E+02
        2.0726       4.8247886E-01     1.8600000E+02    -3.3466406E-02     9.6623123E+01    -1.0158745E+01     6.0710101E+02
        2.0501       4.8777029E-01     1.8800000E+02    -3.3347055E-02     9.6602615E+01    -1.0120367E+01     6.0697217E+02
        2.0281       4.9306068E-01     1.9000000E+02    -3.3217166E-02     9.6582764E+01    -1.0078876E+01     6.0684741E+02
        2.0066       4.9835011E-01     1.9200000E+02    -3.3076584E-02     9.6563522E+01    -1.0034221E+01     6.0672650E+02
        1.9856       5.0363821E-01     1.9400000E+02    -3.2926302E-02     9.6544930E+01    -9.9867067E+00     6.0660968E+02
        1.9649       5.0892472E-01     1.9600000E+02    -3.2768290E-02     9.6527031E+01    -9.9369392E+00     6.0649725E+02
        1.9447       5.1420945E-01     1.9800000E+02    -3.2602482E-02     9.6509819E+01    -9.8848944E+00     6.0638910E+02
        1.9250       5.1949257E-01     2.0000000E+02    -3.2430243E-02     9.6493279E+01    -9.8309870E+00     6.0628516E+02
        1.9056       5.2477384E-01     2.0200000E+02    -3.2252312E-02     9.6477402E+01    -9.7754412E+00     6.0618542E+02
        1.8866       5.3005296E-01     2.0400000E+02    -3.2069556E-02     9.6462234E+01    -9.7185202E+00     6.0609009E+02
        1.8680       5.3533006E-01     2.0600000E+02    -3.1882428E-02     9.6447716E+01    -9.6603584E+00     6.0599890E+02
        1.8498       5.4060489E-01     2.0800000E+02    -3.1693034E-02     9.6433914E+01    -9.6015978E+00     6.0591217E+02
        1.8319       5.4587740E-01     2.1000000E+02    -3.1500638E-02     9.6420761E+01    -9.5420084E+00     6.0582953E+02
        1.8144       5.5114776E-01     2.1200000E+02    -3.1306822E-02     9.6408257E+01    -9.4820690E+00     6.0575098E+02
        1.7972       5.5641580E-01     2.1400000E+02    -3.1111682E-02     9.6396378E+01    -9.4218044E+00     6.0567633E+02
        1.7804       5.6168181E-01     2.1600000E+02    -3.0915922E-02     9.6385071E+01    -9.3614225E+00     6.0560529E+02
        1.7638       5.6694525E-01     2.1800000E+02    -3.0721255E-02     9.6374413E+01    -9.3014488E+00     6.0553833E+02
        1.7476       5.7220644E-01     2.2000000E+02    -3.0527852E-02     9.6364342E+01    -9.2419262E+00     6.0547504E+02
        1.7317       5.7746536E-01     2.2200000E+02    -3.0335160E-02     9.6354813E+01    -9.1826830E+00     6.0541516E+02
        1.7161       5.8272201E-01     2.2400000E+02    -3.0144744E-02     9.6345848E+01    -9.1241932E+00     6.0535883E+02
        1.7007       5.8797646E-01     2.2600000E+02    -2.9956765E-02     9.6337395E+01    -9.0665007E+00     6.0530573E+02
        1.6857       5.9322888E-01     2.2800000E+02    -2.9770961E-02     9.6329430E+01    -9.0095215E+00     6.0525568E+02
        1.6709       5.9847897E-01     2.3000000E+02    -2.9588535E-02     9.6321968E+01    -8.9536209E+00     6.0520880E+02
        1.6564       6.0372716E-01     2.3200000E+02    -2.9409647E-02     9.6314949E+01    -8.8988400E+00     6.0516467E+02
        1.6421       6.0897332E-01     2.3400000E+02    -2.9234363E-02     9.6308357E+01    -8.8451967E+00     6.0512329E+02
        1.6281       6.1421770E-01     2.3600000E+02    -2.9062686E-02     9.6302170E+01    -8.7926893E+00     6.0508441E+02
        1.6143       6.1946011E-01     2.3800000E+02    -2.8895555E-02     9.6296394E+01    -8.7416000E+00     6.0504810E+02
        1.6008       6.2470096E-01     2.4000000E+02    -2.8732279E-02     9.6290955E+01    -8.6917143E+00     6.0501392E+02
        1.5875       6.2993991E-01     2.4200000E+02    -2.8573871E-02     9.6285889E+01    -8.6433401E+00     6.0498212E+02
        1.5744       6.3517714E-01     2.4400000E+02    -2.8420553E-02     9.6281174E+01    -8.5965414E+00     6.0495245E+02
        1.5615       6.4041275E-01     2.4600000E+02    -2.8272102E-02     9.6276779E+01    -8.5512486E+00     6.0492487E+02
        1.5488       6.4564711E-01     2.4800000E+02    -2.8128032E-02     9.6272644E+01    -8.5073071E+00     6.0489886E+02
        1.5364       6.5087968E-01     2.5000000E+02    -2.7989311E-02     9.6268837E+01    -8.4650164E+00     6.0487494E+02
        1.5241       6.5611088E-01     2.5200000E+02    -2.7855668E-02     9.6265282E+01    -8.4242868E+00     6.0485260E+02
        1.5121       6.6134107E-01     2.5400000E+02    -2.7726477E-02     9.6261948E+01    -8.3849258E+00     6.0483167E+02
        1.5002       6.6656959E-01     2.5600000E+02    -2.7602812E-02     9.6258888E+01    -8.3472624E+00     6.0481244E+02
        1.4885       6.7179751E-01     2.5800000E+02    -2.7483085E-02     9.6255981E+01    -8.3108053E+00     6.0479419E+02
        1.4771       6.7702395E-01     2.6000000E+02    -2.7369035E-02     9.6253319E+01    -8.2760878E+00     6.0477747E+02
        1.4657       6.8224961E-01     2.6200000E+02    -2.7259747E-02     9.6250816E+01    -8.2428255E+00     6.0476172E+02
        1.4546       6.8747407E-01     2.6400000E+02    -2.7155235E-02     9.6248505E+01    -8.2110262E+00     6.0474719E+02
        1.4436       6.9269788E-01     2.6600000E+02    -2.7055511E-02     9.6246338E+01    -8.1806879E+00     6.0473358E+02
        1.4328       6.9792056E-01     2.6800000E+02    -2.6961416E-02     9.6244347E+01    -8.1520681E+00     6.0472107E+02
        1.4222       7.0314264E-01     2.7000000E+02    -2.6871344E-02     9.6242462E+01    -8.1246748E+00     6.0470923E+02
        1.4117       7.0836425E-01     2.7200000E+02    -2.6785644E-02     9.6240669E+01    -8.0986128E+00     6.0469800E+02
        1.4014       7.1358484E-01     2.7400000E+02    -2.6705816E-02     9.6239052E+01    -8.0743408E+00     6.0468781E+02
        1.3912       7.1880537E-01     2.7600000E+02    -2.6629085E-02     9.6237465E+01    -8.0510092E+00     6.0467786E+02
        1.3812       7.2402477E-01     2.7800000E+02    -2.6558353E-02     9.6236046E+01    -8.0295057E+00     6.0466895E+02
        1.3713       7.2924387E-01     2.8000000E+02    -2.6491236E-02     9.6234688E+01    -8.0091009E+00     6.0466040E+02
        1.3615       7.3446268E-01     2.8200000E+02    -2.6428223E-02     9.6233398E+01    -7.9899426E+00     6.0465228E+02
        1.3519       7.3968077E-01     2.8400000E+02    -2.6369408E-02     9.6232193E+01    -7.9720616E+00     6.0464471E+02
        1.3425       7.4489868E-01     2.8600000E+02    -2.6314713E-02     9.6231049E+01    -7.9554315E+00     6.0463751E+02
        1.3331       7.5011653E-01     2.8800000E+02    -2.6263377E-02     9.6229927E+01    -7.9398193E+00     6.0463049E+02
        1.3239       7.5533372E-01     2.9000000E+02    -2.6216388E-02     9.6228897E+01    -7.9255290E+00     6.0462402E+02
        1.3148       7.6055044E-01     2.9200000E+02    -2.6173741E-02     9.6227951E+01    -7.9125581E+00     6.0461804E+02
        1.3059       7.6576710E-01     2.9400000E+02    -2.6134197E-02     9.6227013E+01    -7.9005270E+00     6.0461218E+02
        1.2970       7.7098358E-01     2.9600000E+02    -2.6098005E-02     9.6226120E+01    -7.8895130E+00     6.0460657E+02
        1.2883       7.7620041E-01     2.9800000E+02    -2.6064893E-02     9.6225197E+01    -7.8794274E+00     6.0460077E+02
        1.2797       7.8141648E-01     3.0000000E+02    -2.6035907E-02     9.6224373E+01    -7.8705974E+00     6.0459558E+02